2,Bad,19_38_06_2021_02_19,50,300,0
0.378,0.15425,-0.9675,1.054,-0.1945,0.16325
0.37875,0.165,-0.94425,0.9565001,-0.17425,0.2375
0.37875,0.165,-0.94425,0.9565001,-0.17425,0.2375
0.37875,0.165,-0.94425,0.9565001,-0.17425,0.2375
0.37875,0.165,-0.94425,0.9565001,-0.17425,0.2375
0.36975,0.14675,-0.9590001,1.01175,-0.14375,0.25725
0.3715,0.17575,-0.97225,1.072,-0.1565,0.28875
0.37,0.118,-1.016,0.99975,-0.15975,0.2945
0.37,0.118,-1.016,0.99975,-0.15975,0.2945
0.38475,0.1135,-0.984,0.92625,-0.13425,0.27525
0.3795,0.08825,-0.99475,0.961,-0.1165,0.281
0.40575,0.16975,-0.9225,0.9645001,0.018,0.30375
0.4175,0.15875,-0.946,0.99625,0.057,0.32925
0.412,0.17075,-0.9680001,1.02775,0.0495,0.2985
0.38025,0.15575,-1.01325,1.0415,0.104,0.33025
0.36675,0.14925,-0.9795001,0.8325,-0.042,0.36275
0.39975,0.143,-0.9185001,0.827,0.08975001,0.399
0.41225,0.238,-0.8527501,1.118,0.41325,0.168
0.4025,0.3195,-0.947,1.07325,0.11725,0.1495
0.35025,0.38475,-0.9350001,0.791,-0.04725,-0.023
0.37375,0.40675,-0.8847501,0.8477501,-0.1545,-0.21025
0.37475,0.44475,-0.86975,1.149,-0.08625001,-0.22125
0.3605,0.4285,-0.8425,1.3555,0.0115,-0.103
0.3995,0.43475,-0.9137501,0.625,-0.33425,-0.3025
0.43525,0.3895,-0.9095001,0.7875,0.10775,-0.50775
0.435,0.34525,-0.867,1.07625,-0.02275,-0.17925
0.44875,0.33375,-0.84025,0.69475,-0.286,-0.44725
0.5272501,0.3325,-0.7960001,0.7245001,-0.5477501,-0.5055
0.583,0.30225,-0.7985001,0.67325,-0.39475,-0.73175
0.62,0.28325,-0.77575,0.522,-0.10975,-0.811
0.563,0.3195,-0.8135,0.4065,-0.0755,-0.757
0.50875,0.33275,-0.84675,0.372,-0.2575,-0.65775
0.5,0.34775,-0.90325,0.3345,-0.45625,-0.6455
0.487,0.27275,-0.8955001,0.37675,-0.39875,-0.65
0.3155,0.007,-0.85725,0.4435,-0.27,-0.59475
0.3625,0.09150001,-1.072,0.4755,-0.26025,-0.4975
0.3725,0.181,-1.1125,0.5305001,-0.2235,-0.433
0.41325,0.2355,-1.0415,0.4675,0.11675,-0.64525
0.49,0.218,-0.88425,0.33075,-0.31,-1.35375
0.48225,0.14625,-0.849,0.45475,-0.28775,-1.1595
0.475,0.122,-0.8872501,0.3585,-0.04675,-1.025
0.46575,0.13175,-0.93475,0.531,0.06075,-0.98375
0.437,0.149,-0.9670001,0.6445,-0.0325,-0.8895
0.414,0.161,-0.956,0.67825,-0.20725,-0.7690001
0.412,0.15725,-0.9702501,0.74,-0.1245,-0.837
0.42925,0.1745,-0.95825,0.69525,-0.0435,-1.01
0.438,0.16925,-0.9455,0.5755,0.006,-1.0415
0.449,0.14525,-0.9285001,0.5757501,-0.38225,-1.08425
0.45525,0.09675001,-0.9310001,0.64175,-0.49025,-0.9630001
0.473,0.1255,-0.9225,0.715,-0.46825,-1.31775
0.473,0.1255,-0.9225,0.715,-0.46825,-1.31775
0.45375,0.16625,-0.9217501,0.62125,-0.35475,-0.91725
0.456,0.19375,-0.91875,0.501,-0.37925,-0.8285
0.454,0.177,-0.91575,0.501,-0.37925,-0.8285
0.45875,0.16875,-0.90975,0.49975,-0.28375,-0.77
0.5132501,0.1805,-0.956,0.54175,-0.2665,-0.73875
0.4815,0.14275,-0.8955001,0.6295,-0.246,-0.753
0.4755,0.1245,-0.895,0.5470001,-0.3385,-0.9192501
0.45725,0.14925,-0.9407501,0.64925,-0.348,-0.883
0.44925,0.18525,-0.9615,0.6892501,-0.218,-0.8275
0.44975,0.18825,-0.9225,0.53325,-0.1115,-0.8345
0.45,0.18725,-0.9350001,0.59425,-0.04175,-0.7640001
0.4575,0.20025,-0.9415001,0.6655,0.10575,-0.7722501
0.45975,0.187,-0.9110001,0.72075,0.20225,-0.58075
0.461,0.158,-0.9135001,0.72025,0.08625001,-0.57225
0.43475,0.133,-0.97225,0.6055,-0.03,-0.6425
0.4475,0.10725,-0.93875,0.5565,0.02375,-0.7147501
0.38225,0.15625,-1.01275,0.70275,0.163,-0.55475
0.438,0.17225,-1.0105,0.72075,0.20725,-0.527
0.48825,0.1675,-0.93475,0.64925,0.3535,-0.45125
0.509,0.2005,-0.8255,0.63875,0.35025,-0.4905
0.49775,0.20725,-0.8575,0.6365,0.34975,-0.6905
0.4895,0.12825,-0.92475,0.75375,0.34725,-0.832
0.53,0.11325,-0.9037501,0.831,0.0965,-0.7595
0.499,0.1105,-0.89825,0.85075,-0.204,-0.942
0.5045,0.09875,-0.9110001,0.9675,-0.10825,-0.70825
0.5395,0.1255,-0.88625,0.9735001,0.0935,-0.66225
0.569,0.1715,-0.7465,0.92225,0.1945,-0.8100001
0.557,0.1165,-0.7375,0.8997501,0.12475,-0.8132501
0.56675,0.09125,-0.763,0.8190001,0.0065,-0.7595
0.59975,0.0425,-0.9305,0.8335,-0.019,-0.75375
0.5625,0.09150001,-0.95575,0.851,0.01525,-0.72525
0.51775,0.1475,-0.94275,0.8477501,0.09500001,-0.60425
0.507,0.19925,-0.90075,0.65025,0.212,-0.3895
0.52275,0.28575,-0.8822501,0.5955001,0.13875,-0.46525
0.5115,0.26225,-0.8882501,0.56525,-0.04925,-0.582
0.514,0.22325,-0.8835,0.55725,0.014,-0.505
0.53325,0.172,-0.87375,0.591,0.047,-0.43425
0.55,0.1205,-0.85675,0.5782501,0.05,-0.32175
0.535,0.0965,-0.88925,0.6192501,0.143,-0.11525
0.5205,0.09975,-0.9145001,0.80225,0.12,-0.31025
0.5100001,0.16825,-0.89025,0.72225,0.02275,-0.4585
0.51075,0.18525,-0.89025,0.693,-0.02175,-0.636
0.52975,0.19925,-0.87525,0.6425,-0.03375,-0.6635
0.509,0.19575,-0.8577501,0.6425,-0.03375,-0.6635
0.5085,0.183,-0.87225,0.75375,0.0595,-0.68075
0.55325,0.183,-0.91475,0.8010001,0.01775,-0.785
0.54875,0.10575,-0.8512501,0.82125,0.11875,-0.7657501
0.47275,0.037,-0.84075,0.8535001,0.141,-0.70025
0.448,0.06,-0.8955001,0.80875,0.17875,-0.6895
0.4695,0.1665,-0.9447501,0.7905,0.2615,-0.654
0.48325,0.264,-0.9575,0.86,0.308,-0.566
0.46175,0.3,-0.9295,0.956,0.46375,-0.389
0.47725,0.252,-0.90425,0.74825,0.4595,-0.55075
0.48125,0.20225,-0.90975,0.86,0.54075,-0.583
0.4725,0.19225,-0.9572501,0.9982501,0.733,-0.4725
0.461,0.1865,-1.03775,0.928,0.8395001,-0.472
0.43575,-0.071,-1.30875,0.932,0.7632501,-0.39275
0.43525,-0.29025,-1.493,0.9625,0.32925,-0.1655
0.453,-0.41525,-1.573,1.00025,0.113,-0.11175
0.6935,0.8652501,-3.14725,0.431,0.017,-1.23975
0.61825,1.86175,-3.146,0.14975,0.54375,-1.46425
0.30575,2.59825,-2.28825,1.14925,0.01175,-1.44875
-0.21125,1.23675,-0.54,0.3775,-0.10875,-1.74425
-0.25375,0.73125,0.18675,0.259,0.07475001,-1.46675
-0.12775,0.24,0.61,0.62225,-0.0045,-1.2215
0.04,-0.10675,0.8715,0.6215,0.114,-1.13125
0.32975,-0.05675,0.84075,0.3535,0.32425,-2.334
0.503,0.1145,0.675,0.0635,0.3405,-1.95525
0.3945,-0.2435,0.08075,0.43575,-0.098,-1.1495
0.623,-0.21,0.1115,0.45425,-0.22275,-0.8732501
0.663,0.2685,-0.13225,0.43475,-0.17225,-0.6777501
0.68625,0.5175,-0.1345,0.3815,-0.04175,-0.62525
0.8075001,0.649,-0.36975,0.251,0.04625,-0.59375
0.655,0.5135,-0.72425,0.2915,0.094,-0.52625
0.57275,0.69475,-0.7995,0.5435,0.27925,-0.45125
0.54875,0.85975,-0.655,0.4465,0.41425,-0.14425
0.2725,1.015,-0.655,0.33925,0.31625,-0.00675
-0.10775,0.5995,-0.88625,0.39125,0.38325,-0.1005
0.13475,0.77175,-0.6235,0.4245,1.27425,0.531
0.26725,1.04475,-0.57175,0.24475,0.58325,0.554
0.23175,0.66025,-0.4415,0.241,0.6957501,0.564
0.236,0.58875,-0.464,-0.09875,1.09625,0.19275
0.18725,0.7327501,-0.37675,-0.8,0.93475,-0.39425
0.15025,0.9522501,-0.23675,0.06825,0.24175,-1.53675
0.10525,0.9160001,-0.35,0.19825,0.4095,-0.76375
0.04425,0.9120001,-0.7765,0.00475,0.56925,-0.17
-0.01625,0.77975,-0.51275,-0.19475,0.7377501,-0.011
0.19725,1.06575,-0.4135,-0.09925,1.329,-0.4195
-0.0345,1.1015,-0.88525,0.6670001,0.8907501,-0.43025
0.007,0.9447501,-0.8625,0.12125,0.72175,-0.08225001
0.1255,0.75475,-0.9472501,0.011,0.784,-0.0735
0.16675,0.7812501,-0.6210001,0.161,0.1435,-2.6805
0.047,0.7885,-0.675,-0.2035,-0.93775,-2.52025
0.05025,0.8565,-0.7287501,0.29475,-0.9405,-2.4185
0.07700001,0.816,-0.8282501,0.30225,-0.5135,-1.61
0.1305,0.69025,-0.786,0.38425,0.9572501,-0.3185
0.20625,0.6165,-0.8005,0.364,0.88175,-0.0615
0.20625,0.6165,-0.8005,0.448,0.659,-0.817
0.17625,0.4425,-0.84025,0.286,0.631,-0.75975
0.1745,0.37375,-0.83775,0.1675,0.69225,-0.7277501
0.17125,0.34125,-0.8397501,0.2105,0.5930001,-0.8835
0.16225,0.3175,-0.855,0.3435,0.457,-0.9087501
0.217,0.34875,-0.79475,0.2425,0.46875,-0.73
0.1955,0.3975,-0.7187501,0.2795,0.52175,-0.36325
0.22875,0.39975,-0.8420001,0.23075,0.4255,-0.40975
0.30275,0.368,-0.8735,0.21,0.35825,-0.50675
0.31925,0.302,-0.883,0.29375,0.29725,-0.693
0.2335,0.338,-1.0345,0.3165,0.29375,-0.84675
0.24775,0.24675,-1.09325,0.29375,0.366,-0.8005
0.3935,0.23775,-1.0335,0.35925,0.4455,-0.72
0.351,0.22225,-1.0825,0.30675,0.527,-0.71175
0.42425,0.16375,-1.017,0.2395,0.5805,-0.8135
0.41425,0.1535,-0.97725,0.211,0.512,-0.9630001
0.43,0.16425,-1.004,0.211,0.512,-0.9630001
0.41925,0.113,-1.0055,0.23425,0.54175,-0.9275001
0.4235,0.06525,-0.9242501,0.328,0.4795,-0.89175
0.4245,0.04825,-0.93775,0.36175,0.435,-0.87375
0.4215,0.02875,-0.941,0.3235,0.4175,-0.9267501
0.41975,0.035,-0.9315,0.29875,0.441,-0.9435
0.404,0.0465,-0.9590001,0.42725,0.32275,-0.947
0.37875,0.0445,-1.0035,0.3905,0.28925,-0.9580001
0.347,0.06425,-1.102,0.3995,0.26225,-0.94875
0.314,0.0975,-1.123,0.39525,0.25325,-0.9035
0.31025,0.083,-1.09475,0.339,0.26575,-0.9342501
0.30275,0.09500001,-1.0785,0.32225,0.26175,-0.943
0.3325,0.102,-0.9995,0.348,0.269,-0.9367501
0.33575,0.1045,-0.9835001,0.34475,0.271,-0.9395
0.3405,0.1165,-0.9860001,0.3455,0.297,-0.99875
0.3405,0.1165,-0.9860001,0.25425,0.3145,-1.01125
0.3115,0.13225,-0.99525,0.266,0.30375,-1.004
0.32475,0.12675,-0.9585,0.32125,0.2885,-0.9087501
0.31725,0.14225,-0.9505001,0.31675,0.28675,-0.9227501
0.2945,0.1515,-0.9760001,0.299,0.31975,-0.909
0.28475,0.14375,-0.9765,0.26675,0.33525,-0.9137501
0.30025,0.14275,-0.9967501,0.27675,0.327,-0.89325
0.30275,0.14725,-0.998,0.2845,0.30975,-0.8945
0.31225,0.12875,-1.03125,0.25075,0.33875,-0.8800001
0.33175,0.11,-0.9907501,0.23225,0.3465,-0.87225
0.3415,0.134,-1.0105,0.23675,0.35,-0.87875
0.348,0.136,-0.9955,0.2515,0.33225,-0.9030001
0.348,0.136,-0.9955,0.2515,0.33225,-0.9030001
0.348,0.136,-0.9955,0.2515,0.33225,-0.9030001
0.348,0.136,-0.9955,0.2515,0.33225,-0.9030001
0.348,0.136,-0.9955,0.2515,0.33225,-0.9030001
0.348,0.136,-0.9955,0.2515,0.33225,-0.9030001
0.348,0.136,-0.9955,0.2515,0.33225,-0.9030001
0.348,0.136,-0.9955,0.2515,0.33225,-0.9030001
0.348,0.136,-0.9955,0.2515,0.33225,-0.9030001
0.348,0.136,-0.9955,0.2515,0.33225,-0.9030001
0.348,0.136,-0.9955,0.2515,0.33225,-0.9030001
0.348,0.136,-0.9955,0.2515,0.33225,-0.9030001
0.348,0.136,-0.9955,0.2515,0.33225,-0.9030001
0.348,0.136,-0.9955,0.2515,0.33225,-0.9030001
0.348,0.136,-0.9955,0.2515,0.33225,-0.9030001
0.348,0.136,-0.9955,0.2515,0.33225,-0.9030001
0.40675,0.044,-1.07475,0.24925,0.363,-0.9925001
0.40675,0.044,-1.07475,0.24925,0.363,-0.9925001
0.40675,0.044,-1.07475,0.24925,0.363,-0.9925001
0.40675,0.044,-1.07475,0.24925,0.363,-0.9925001
0.524,0.0455,-0.8642501,0.3395,0.27525,-1.03975
0.50775,0.18975,-0.7600001,0.35425,0.24775,-1.0055
0.50375,0.2215,-0.7325,0.39175,0.24675,-0.9655001
0.54075,0.14975,-0.75775,0.438,0.25175,-0.9305
0.6555001,0.27225,-0.53775,0.5185,0.23225,-0.8707501
0.32825,0.1155,-0.781,0.58575,0.19525,-0.8285
0.42925,0.098,-0.708,0.5975,0.2365,-0.733
0.428,0.043,-0.7235,0.48225,0.306,-0.63725
0.443,0.02075,-0.67875,0.4655,0.36475,-0.65825
0.4215,0.02175,-0.61725,0.36425,0.39325,-0.59025
0.3635,0.0145,-0.6645001,0.036,0.271,-0.7697501
0.276,-0.06550001,-0.7887501,0.09125,0.28575,-0.75375
0.247,-0.11125,-0.844,0.1775,0.228,-0.7595
0.286,-0.3445,-1.041,0.25275,0.13475,-0.7135
0.3005,-0.4295,-0.9485,0.1495,0.11575,-0.6615
0.319,-0.43925,-0.9595001,-0.0345,0.09200001,-0.651
0.2645,-0.6192501,-1.035,-0.00675,-0.06,-0.623
0.251,-0.5205,-0.87925,0.14425,-0.1165,-0.69175
0.38025,-0.555,-0.9220001,0.071,-0.20775,-0.8735
0.4425,-0.7215,-0.6305,0.1245,-0.4125,-1.2065
0.3435,-0.72725,-0.49925,0.1245,-0.4125,-1.2065
0.4295,-1.105,-0.47225,0.1245,-0.4125,-1.2065
0.22275,-0.81475,-0.52875,0.29975,-0.489,-1.138
0.1825,-0.7835,-0.58825,0.4245,-0.429,-0.63925
0.2225,-1.17425,-0.8555,0.4145,-0.4875,-0.5845
0.2385,-0.79975,-0.45175,-0.30075,-0.6905,-0.7715001
-0.14225,-1.5685,-0.97475,-0.057,-0.7495,-0.71775
0.1365,-1.0865,-0.483,0.18375,-0.89425,-0.383
0.30125,-0.8265001,-0.591,-0.1035,-1.02075,-0.8495001
0.15825,-0.761,-0.52975,0.272,-1.21575,-1.25225
0.13475,-0.8470001,-0.553,-0.0005,-1.009,-0.46525
0.1725,-0.868,-0.5502501,0.20675,-0.9052501,-0.34525
0.05075,-0.82425,-0.5527501,0.20675,-0.9052501,-0.34525
-0.01925,-0.849,-0.5100001,0.20675,-0.9052501,-0.34525
-0.018,-0.8890001,-0.5247501,0.004,-1.18975,-0.45425
0.326,-0.57375,-0.6315,0.03125,-1.1535,-0.6265
0.326,-0.57375,-0.6315,0.0445,-1.1145,-0.326
0.32925,-0.81225,-0.6425,0.0025,-1.0555,-0.2795
0.063,-0.8535001,-0.567,0.05575,-0.9522501,-0.3135
0.2015,-1.03125,-0.53375,0.0255,-0.9787501,-0.20575
0.06625,-1.04825,-0.50375,-0.01175,-0.9505001,-0.4435
0.07125001,-1.24225,-0.45825,0.16075,-1.01425,-0.3745
0.12125,-1.2175,-0.35575,-0.17725,-0.90575,-0.10925
0.1445,-1.03125,-0.48025,-0.0005,-0.721,-0.5335
0.071,-0.9795001,-0.4445,-0.18875,-0.5995,-1.052
0.05275,-1.05625,-0.39625,0.582,-0.9915,-0.4565
0.134,-1.054,-0.592,0.16775,-0.9950001,-0.58025
0.04075,-1.17075,-0.562,-0.0475,-0.9085,-0.51725
0.197,-1.2965,-0.5385,-0.047,-0.94125,-0.576
0.14275,-1.26875,-0.7205001,0.04075,-0.8732501,-0.8745
0.1085,-1.35975,-0.7895001,0.0965,-0.75775,-0.96825
-0.05375,-1.39875,-0.7275,0.09275001,-0.503,-0.83925
-0.0445,-1.49125,-0.4805,0.004,-0.2165,-0.793
0.14075,-1.51725,0.0215,-0.1105,0.11825,-0.3645
0.15925,-1.31725,0.08725,0.0665,-0.0565,-0.7532501
0.11425,-0.88925,0.0435,0.042,-0.7672501,-0.983
0.28975,-0.753,-0.08725,0.001,-0.75625,-1.215
0.32125,-0.7960001,-0.3715,-0.01525,-0.60325,-1.1885
0.29075,-0.54275,-0.292,0.00325,-0.2375,-1.1855
0.21575,-0.30725,-0.09900001,-0.2535,-0.55225,-1.27975
0.031,-0.11725,-0.0085,-0.068,-0.6152501,-1.1235
-0.0045,0.09875,0.07475001,-0.43625,-0.68,-0.95525
-0.27625,0.157,-0.01775,-0.39325,-0.20725,-0.9300001
-0.18175,-0.0225,0.29225,-0.5665,-0.259,-0.9110001
-0.444,0.44575,-0.01725,-0.7460001,-0.2835,-0.8397501
-0.28775,0.95775,-0.613,-0.872,-0.80575,-0.34925
-0.3035,1.06275,-0.9152501,-0.93725,-1.265,-0.378
-0.1445,1.04725,-1.207,-0.45475,-0.937,-0.56075
0.07175,0.9647501,-1.51375,-0.3495,-0.9350001,-0.774
0.25225,0.932,-1.745,-0.1685,-1.28475,-0.88675
0.6145,1.0865,-1.5425,-0.01975,-1.71025,-0.762
0.7235,0.9647501,-1.65675,0.267,-1.45225,-0.62275
0.7352501,0.789,-1.82975,0.4835,-1.05275,-0.58625
0.64325,0.53375,-1.4265,0.55525,-0.9260001,-0.69175
0.55375,0.462,-1.16575,0.55225,-0.86575,-0.69425
0.48275,0.375,-0.9675,0.51975,-0.855,-0.60525
0.351,0.06175,-0.716,0.679,-0.90275,-0.6350001
0.3525,-0.0045,-0.60725,1.5665,-0.506,-1.46075
1.0135,0.22725,-1.18225,1.1205,-0.4845,-1.90975
0.5330001,0.07,-1.62325,0.5405,-0.566,-0.523
0.64325,0.08775,-0.75875,0.26825,-0.36175,-0.13675
0.5025,0.0525,-0.54275,-0.03025,0.5865,-0.365
0.42125,0.2865,-0.6965,0.1055,1.41125,-1.24575
0.43075,0.48075,-0.93125,0.198,1.1465,-1.85225
0.44525,0.46125,-1.10125,0.431,0.56875,-1.5345
0.4355,0.276,-1.0175,0.43725,-0.36225,-0.62725
0.44375,0.209,-0.8725001,0.48775,-0.71725,-0.54225
0.50975,0.14325,-0.7875,0.47475,-0.7275,-0.7780001
0.64575,-0.0065,-0.74275,0.5715,-0.41325,-1.099
0.649,-0.00575,-0.77775,0.535,-0.1075,-0.9760001
0.62575,0.004,-0.8060001,0.6105,0.115,-0.80775
0.51025,0.1705,-0.87375,0.603,0.33125,-0.8335
0.4665,0.242,-0.9575,0.668,0.127,-0.9310001
0.46575,0.21525,-1.00175,0.5545,-0.0085,-0.8945
0.4825,0.13025,-1.00525,0.578,-0.134,-0.88375
0.48325,-0.07025,-0.90275,0.4645,-0.2285,-0.9325001
0.49075,-0.08475,-0.86875,0.409,-0.14375,-1.0225
0.5265,-0.122,-0.89675,0.5335,0.009500001,-0.9415001
0.6077501,-0.04175,-0.9482501,0.523,0.072,-0.8997501
0.5700001,-0.0165,-0.8940001,0.45475,0.1575,-0.7590001
0.503,0.067,-0.9195001,0.475,0.08925001,-0.987
0.51625,0.01675,-0.98475,0.54075,0.0145,-0.95825
0.59525,-0.04175,-0.9407501,0.577,-0.024,-0.876
0.64625,0.11975,-0.7517501,0.371,0.02575,-0.75525
0.587,0.13,-0.72475,0.42575,-0.002,-0.7415
0.5705,0.17125,-0.87375,0.47,0.05925,-0.8610001
0.484,-0.0065,-0.9575,0.48775,0.19575,-0.9775
0.581,0.03725,-0.895,0.50625,0.2835,-0.874
0.663,0.117,-0.8200001,0.463,0.22925,-0.80975
0.61075,0.249,-0.7672501,0.513,0.02675,-0.7765
0.5475,0.2025,-0.7887501,0.6305,-0.11025,-0.71725
0.56225,0.12275,-0.8445001,0.45975,-0.18725,-0.8010001
0.5765,0.1685,-0.92875,0.38875,0.07700001,-1.09175
0.559,0.14375,-0.933,0.3965,0.1625,-1.0925
0.478,0.0685,-0.9375001,0.28525,0.179,-1.009
0.64375,0.22725,-0.7625,0.41275,0.214,-0.9220001
0.6447501,0.2935,-0.7015001,0.40775,0.15925,-0.896
0.6255,0.29925,-0.7285,0.46625,0.02825,-0.9810001
0.64375,0.21825,-0.9105,0.479,0.054,-0.987
0.7352501,0.2405,-0.8615,0.562,0.19525,-0.9662501
0.5715,0.34475,-0.81125,0.5985,0.24325,-0.9085
0.58125,0.5225,-0.64,0.62025,0.15275,-0.68775
0.61325,0.5485,-0.62025,0.51075,0.19875,-0.694
0.59575,0.50825,-0.60025,0.60025,0.1435,-0.6472501
0.54375,0.45,-0.7352501,0.62825,0.0385,-0.9025
0.66175,0.47025,-0.825,0.57725,-0.06875,-1.0815
0.72275,0.403,-0.8002501,0.57625,-0.0195,-1.03825
0.72525,0.32625,-0.7865,0.444,0.068,-0.9445
0.5815001,0.31575,-0.9382501,0.2095,0.1685,-0.96825
0.4175,0.43125,-0.95,0.1615,0.1795,-0.8635001
0.57075,0.52625,-0.8190001,0.1765,0.18925,-0.9095001
0.51625,0.4825,-0.8100001,0.5700001,0.4375,-1.18175
0.5642501,0.33375,-0.75625,0.643,0.63375,-1.17825
0.6005,0.078,-0.8010001,0.54,0.66725,-0.7450001
0.59325,0.1795,-0.7820001,0.46675,0.54625,-0.43425
0.631,0.3425,-0.73725,0.4285,0.40875,-0.374
0.61425,0.4135,-0.65275,0.5845,0.28975,-0.5075001
0.5915,0.4415,-0.6497501,0.8872501,0.252,-0.71175
0.5145,0.499,-0.68975,1.03425,0.06325001,-1.04
0.48525,0.64825,-0.7657501,0.751,-0.0715,-0.94525
0.492,0.58275,-0.752,0.5915,-0.141,-0.7187501
0.502,0.5055,-0.75375,0.59275,-0.2035,-0.55725
0.50925,0.37,-0.81675,0.6900001,-0.14925,-0.5655
0.5345,0.343,-0.84525,0.663,-0.068,-0.56125
0.5700001,0.33475,-0.8907501,0.6455,-0.023,-0.56475
0.59275,0.31075,-0.8930001,0.65175,-0.02275,-0.5955001
0.51375,0.2945,-0.813,0.60275,0.00225,-0.80525
0.506,0.31925,-0.7975,0.57225,0.19475,-0.924
0.55825,0.3475,-0.84,0.51375,0.408,-0.8025
0.5525,0.39025,-0.87725,0.57625,0.43575,-0.7955
0.51775,0.37475,-0.8930001,0.58775,0.50875,-0.8420001
0.5235,0.37575,-0.84325,0.5272501,0.37825,-0.85975
0.59775,0.27375,-0.81725,0.511,0.24575,-0.82125
0.61575,0.24875,-0.82375,0.528,0.09,-0.8132501
0.5872501,0.22225,-0.8060001,0.5925,-0.024,-0.7130001
0.58625,0.2265,-0.7975,0.7047501,0.00675,-0.7585
0.53225,0.27075,-0.84475,0.7970001,0.07275,-0.81225
0.535,0.212,-0.9077501,0.5775,0.266,-0.7762501
0.5782501,0.133,-0.92575,0.5535,0.405,-0.62625
0.601,0.11,-0.913,0.49575,0.41125,-0.511
0.6012501,0.11175,-0.9,0.6522501,0.485,-0.69025
0.62525,0.1665,-0.844,0.455,0.361,-0.62275
0.62525,0.1665,-0.844,0.43825,0.446,-0.65375
0.634,0.15975,-0.80975,0.43825,0.446,-0.65375
0.6620001,0.09500001,-0.697,0.5135,0.58875,-0.6725
0.66,0.06775001,-0.72825,0.42925,0.58925,-0.77375
0.65725,0.06825,-0.7755001,0.4325,0.504,-0.78525
0.6235,0.0795,-0.827,0.45625,0.508,-0.7622501
0.61375,0.10125,-0.836,0.4195,0.41275,-0.82375
0.6085,0.111,-0.8935,0.40225,0.4215,-0.9070001
0.59525,0.07875001,-0.8855,0.4015,0.40225,-0.8800001
0.575,0.0745,-0.8725001,0.41225,0.35125,-0.83525
0.58875,0.1285,-0.88425,0.44325,0.294,-0.793
0.562,0.1205,-0.8710001,0.44325,0.294,-0.793
0.5715,0.12825,-0.93725,0.44325,0.294,-0.793
0.5835,0.093,-0.86625,0.44325,0.294,-0.793
0.548,0.02975,-0.8387501,0.44675,0.2915,-0.831
0.56325,0.0115,-0.89125,0.45125,0.34825,-0.9307501
0.56825,-0.03675,-0.9365001,0.47725,0.36725,-0.9950001
0.575,-0.1175,-0.92125,0.482,0.34975,-0.9475001
0.5925,-0.113,-0.9277501,0.46825,0.33775,-0.8705
0.60975,-0.0905,-0.82375,0.43625,0.33425,-0.86225
0.6165,-0.07675,-0.76625,0.48925,0.26825,-0.84575
0.6445,-0.061,-0.757,0.48325,0.33625,-0.88375
0.654,-0.093,-0.8225001,0.50825,0.4435,-0.7877501
0.638,-0.11725,-0.90425,0.4785,0.37425,-0.8055
0.611,-0.164,-1.04175,0.4565,0.35975,-0.8412501
0.56,-0.18575,-1.03975,0.5065,0.36775,-0.8282501
0.61375,-0.1705,-0.9825001,0.4765,0.34025,-0.7877501
0.61375,-0.1705,-0.9825001,0.4695,0.324,-0.6892501
0.6990001,-0.143,-0.9892501,0.5735,0.267,-0.69925
0.57275,-0.09500001,-0.71575,0.632,0.30875,-0.743
0.24475,-0.0115,-0.5715,0.6472501,0.323,-0.79625
0.416,0.286,-0.65175,0.7492501,0.311,-0.9037501
0.52,0.30975,-0.7607501,0.7675,0.27225,-0.938
0.89325,0.34375,-0.81525,0.7517501,0.1865,-0.85725
0.7585,0.0615,-1.15575,0.6407501,0.07700001,-0.597
0.7585,0.0615,-1.15575,0.6195,0.0865,-0.49225
0.64025,0.11525,-0.86225,0.63025,0.123,-0.47275
0.729,0.159,-0.60925,0.6447501,0.09425,-0.559
0.775,0.047,-0.43575,0.70225,0.0865,-0.71575
0.7835,-0.0205,-0.501,0.75225,0.11575,-0.733
0.8535001,-0.09875,-0.64925,0.8,0.12025,-0.6435
0.9025,-0.10475,-0.688,0.8095,0.09625001,-0.5685
0.983,-0.13725,-0.6975001,0.8305001,0.085,-0.52375
1.0055,-0.17925,-0.70375,0.844,0.13175,-0.45425
1.179,-0.205,-0.863,0.82275,0.12275,-0.46775
1.437,-0.3315,-1.1095,0.7870001,0.08975001,-0.51125
2.213,-0.78075,-1.22825,0.8017501,0.079,-0.6785001
2.5575,-0.8215001,-1.37175,0.9250001,0.137,-0.7265
2.66125,-0.7377501,-1.64875,1.07925,0.2155,-0.7125
2.6255,-0.6395,-1.904,1.52225,0.21125,-0.955
2.2945,-0.6867501,-2.3115,1.90175,0.00775,-1.1125
2.167,-0.654,-2.332,2.3155,-0.08075,-1.398
1.8065,-0.56325,-2.33025,2.68525,0.421,-1.50725
0.5835,-0.35525,-1.79475,2.64525,0.68525,-1.33775
0.0135,-0.2215,-1.4265,2.53025,0.6725,-1.16425
-0.48925,-0.15325,-1.0095,2.163,0.38875,-1.263
-1.018,0.33625,-0.0525,2.031,0.33925,-1.256
-0.895,0.448,0.288,1.6545,0.52275,-1.266
-0.82425,0.149,0.4055,0.808,0.808,-1.20025
-0.851,-0.0255,0.3485,0.32625,0.6012501,-1.14975
-0.8660001,-0.12575,0.33675,-0.1495,0.398,-0.974
-0.762,-0.085,0.39675,-0.89025,-0.06575,-0.5295
-0.664,-0.00125,0.467,-0.8755,-0.44925,-0.3035
-0.52625,0.02875,0.5605,-0.88375,-0.7780001,-0.02075
-0.1325,-0.0375,0.7005,-0.7235,-0.6447501,0.20275
0.06025,-0.14175,0.7055,-0.7,-0.38925,0.275
0.15725,-0.24275,0.6735001,-0.65725,-0.12675,0.35025
0.3715,-0.3,0.54625,-0.4205,0,0.543
0.50725,-0.30825,0.51375,-0.33425,0.026,0.691
0.622,-0.292,0.49,-0.22675,0.036,0.81775
0.63725,-0.3035,0.3915,-0.01025,0.10925,0.88375
0.6135001,-0.33575,0.346,0.125,0.127,0.8625
0.63525,-0.361,0.3395,0.2785,0.1535,0.78725
0.7335001,-0.35175,0.35775,0.3735,0.199,0.7075
0.57275,-0.36175,0.37225,0.51825,0.266,0.619
0.48225,-0.308,0.375,0.54675,0.305,0.598
0.60675,-0.16525,0.171,0.59325,0.3495,0.52575
0.6015,-0.242,-0.03825,0.5985,0.38075,0.443
0.59025,-0.3345,-0.16375,0.54725,0.43725,0.35725
0.54625,-0.40925,-0.2795,0.48025,0.39,0.2775
0.64925,-0.34775,-0.333,0.62125,0.29025,0.28775
0.7287501,-0.304,-0.44375,0.661,0.28075,0.25225
0.67975,-0.35175,-0.6210001,0.58775,0.3695,0.04775
0.6115,-0.33325,-0.63125,0.558,0.39325,-0.06875
0.7695,-0.113,-0.6135001,0.632,0.4445,-0.33725
0.91,0.10575,-0.60175,0.69975,0.466,-0.353
0.8800001,0.1675,-0.6665,0.68375,0.48375,-0.2905
0.78225,0.1725,-0.7657501,0.6405,0.46925,-0.26925
0.964,0.28975,-0.9992501,0.72925,0.18725,-0.54075
1.101,0.10275,-1.175,0.85675,0.11425,-0.60425
1.05275,-0.044,-1.18025,0.8605,0.1995,-0.612
1.09325,0.08725,-1.219,0.9152501,0.358,-0.712
1.1165,0.26925,-1.248,1.005,0.17975,-0.7585
1.05825,0.30975,-1.355,1.04025,0.04925,-0.832
0.9820001,0.264,-1.41825,1.02375,-0.03825,-0.87925
0.70825,0.205,-1.19225,0.90825,-0.1615,-0.9235001
1.12475,1.00325,-2.14525,1.05425,-0.33275,-1.19675
1.8595,0.04625,-2.751,1.014,-0.34275,-1.19075
1.8595,0.04625,-2.751,0.9495,-0.3235,-1.13025
0.45825,-0.3485,-0.59275,0.8615,-0.2895,-1.04275
0.36025,-0.475,-0.0975,0.6445,-0.22475,-0.7895001
0.4765,-0.454,-0.264,0.56075,-0.1935,-0.67
0.71125,-0.37875,-0.62625,0.44625,-0.16175,-0.61825
0.538,-0.3955,-1.142,0.2825,0.25425,-1.80475
0.624,-0.23075,-1.15475,1.01875,-0.17075,-2.06425
0.5705,-0.09850001,-1.03275,0.57725,0.2835,-0.8945
0.5330001,0.03125,-0.76825,0.4165,0.29325,-0.3105
0.5305001,0.06975,-0.81525,0.3615,0.232,-0.1595
0.5645,0.086,-0.8717501,0.48825,0.373,-0.22125
0.55125,0.048,-0.9612501,0.468,0.56375,-0.94125
0.538,0.023,-0.93775,0.4855,0.596,-1.14725
0.52575,0.00975,-0.89675,0.492,0.5245,-1.18675
0.51225,-0.018,-0.8735,0.45,0.26075,-0.8985
0.51775,-0.09850001,-0.9065,0.46375,0.17575,-0.8005
0.5125,-0.12075,-0.9195001,0.4815,0.1335,-0.7595
0.5215001,-0.12575,-0.9077501,0.516,0.0885,-0.818
0.5235,-0.1115,-0.88875,0.5255,0.09725001,-0.8635001
0.5345,-0.09825,-0.882,0.53725,0.10975,-0.881
0.54575,-0.087,-0.8750001,0.53825,0.1445,-0.846
0.554,-0.05325,-0.8707501,0.538,0.1525,-0.8245
0.5515,-0.03375,-0.8615,0.53425,0.15325,-0.81125
0.52125,0,-0.8685001,0.52925,0.1595,-0.8222501
0.50425,0.00825,-0.8805,0.523,0.1735,-0.8420001
0.494,0.009500001,-0.9162501,0.5155,0.21625,-0.8602501
0.4775,-0.03875,-0.93975,0.4965,0.2485,-0.8527501
0.47775,-0.0855,-0.951,0.49825,0.24525,-0.8387501
0.492,-0.1525,-0.9622501,0.4955,0.25275,-0.83275
0.4955,-0.2045,-0.9285001,0.49925,0.2555,-0.8555
0.496,-0.1945,-0.9120001,0.5,0.28,-0.86625
0.501,-0.17075,-0.9,0.5045,0.28275,-0.8515
0.498,-0.11375,-0.90425,0.51225,0.2625,-0.80875
0.49075,-0.0905,-0.9112501,0.5185,0.2595,-0.8002501
0.47925,-0.07075001,-0.9210001,0.5255,0.25275,-0.802
0.4615,-0.08725,-0.938,0.52775,0.2585,-0.80975
0.45125,-0.108,-0.9475001,0.526,0.262,-0.81475
0.44875,-0.1265,-0.9585,0.5275,0.27125,-0.827
0.44925,-0.14,-0.9475001,0.51225,0.27875,-0.81725
0.454,-0.133,-0.9367501,0.51025,0.263,-0.8132501
0.464,-0.12325,-0.9292501,0.51075,0.2695,-0.812
0.4685,-0.1125,-0.9242501,0.5175,0.2745,-0.83125
0.47675,-0.111,-0.9145001,0.5190001,0.28725,-0.836
0.47775,-0.11225,-0.91475,0.5205,0.303,-0.83175
0.472,-0.1175,-0.9170001,0.518,0.294,-0.80725
0.45575,-0.13475,-0.93225,0.51825,0.29025,-0.809
0.44575,-0.13575,-0.94775,0.52,0.29625,-0.8132501
0.43475,-0.13125,-0.9572501,0.51275,0.3175,-0.82275
0.439,-0.1225,-0.94775,0.5157501,0.29625,-0.79875
0.44675,-0.1115,-0.938,0.52075,0.27775,-0.7725
0.46575,-0.106,-0.9265,0.5105,0.2615,-0.78025
0.46575,-0.106,-0.9265,0.512,0.26425,-0.80625
0.47475,-0.11875,-0.92325,0.50575,0.28275,-0.8395001
0.46625,-0.11475,-0.9155,0.48925,0.28325,-0.8592501
0.46025,-0.1055,-0.918,0.4765,0.2785,-0.8512501
0.45475,-0.1045,-0.9277501,0.4755,0.2715,-0.83675
0.45475,-0.1045,-0.9277501,0.47175,0.28025,-0.8405001
0.4415,-0.132,-0.95,0.4665,0.29075,-0.8470001
0.44175,-0.129,-0.9440001,0.46675,0.29425,-0.84925
0.447,-0.12675,-0.93875,0.4595,0.2885,-0.8372501
0.4615,-0.11725,-0.9250001,0.4605,0.2955,-0.84325
0.46875,-0.11425,-0.9220001,0.461,0.30675,-0.8560001
0.4745,-0.10175,-0.9175,0.4585,0.31075,-0.85725
0.4725,-0.10625,-0.923,0.452,0.31725,-0.85225
0.4625,-0.11925,-0.9252501,0.45625,0.3175,-0.8502501
0.45275,-0.12675,-0.9295,0.4625,0.31425,-0.84
0.4465,-0.129,-0.937,0.463,0.318,-0.83425
0.44325,-0.12575,-0.94425,0.4625,0.3225,-0.83775
0.44325,-0.13525,-0.94775,0.47275,0.328,-0.8280001
0.446,-0.1335,-0.9385,0.47625,0.32325,-0.8190001
0.4555,-0.12375,-0.9317501,0.47475,0.32475,-0.8135
0.46425,-0.112,-0.9227501,0.47025,0.33725,-0.81675
0.47375,-0.10975,-0.918,0.47,0.33825,-0.82175
0.47575,-0.1165,-0.9192501,0.47225,0.3365,-0.8195
0.469,-0.11525,-0.92375,0.47375,0.34175,-0.822
0.46125,-0.12175,-0.924,0.475,0.33775,-0.8195
0.45525,-0.12625,-0.9235001,0.4785,0.33625,-0.81275
0.446,-0.131,-0.9440001,0.47525,0.34825,-0.81675
0.4445,-0.13175,-0.9480001,0.47475,0.361,-0.82125
0.44275,-0.131,-0.94625,0.4695,0.37375,-0.8295
0.45325,-0.129,-0.93375,0.4595,0.36175,-0.814
0.45975,-0.1215,-0.92625,0.45225,0.355,-0.8145
0.45975,-0.1215,-0.92625,0.45225,0.355,-0.8145
0.4665,-0.11525,-0.9217501,0.45225,0.355,-0.8145
0.46875,-0.116,-0.91675,0.4575,0.351,-0.82375
0.4715,-0.11725,-0.9220001,0.4625,0.34625,-0.83275
0.467,-0.1195,-0.92575,0.467,0.34575,-0.83175
0.45,-0.12275,-0.937,0.4745,0.34225,-0.81675
0.44925,-0.12875,-0.94525,0.4785,0.33775,-0.8100001
0.44525,-0.136,-0.936,0.4805,0.3535,-0.8150001
0.445,-0.13725,-0.9325001,0.4805,0.3535,-0.8150001
0.447,-0.137,-0.93725,0.4805,0.3535,-0.8150001
0.45,-0.132,-0.9342501,0.46425,0.36575,-0.8117501
0.45425,-0.12825,-0.9300001,0.463,0.36275,-0.818
0.4575,-0.12025,-0.92625,0.45925,0.3605,-0.821
0.459,-0.11925,-0.92725,0.466,0.359,-0.8272501
0.45575,-0.1245,-0.92625,0.46625,0.3625,-0.8272501
0.454,-0.12425,-0.9285001,0.4665,0.35975,-0.818
0.4475,-0.13675,-0.9392501,0.477,0.36525,-0.8135
0.447,-0.13525,-0.9415001,0.47125,0.35975,-0.81125
0.44225,-0.14,-0.9480001,0.46925,0.35025,-0.81525
0.443,-0.1395,-0.9422501,0.4685,0.35225,-0.8185
0.4455,-0.14075,-0.9285001,0.46675,0.3575,-0.8135
0.4525,-0.135,-0.9265,0.46175,0.35975,-0.8132501
0.46175,-0.129,-0.92325,0.466,0.37475,-0.8150001
0.46525,-0.11825,-0.9162501,0.46575,0.38625,-0.8182501
0.4665,-0.1185,-0.91675,0.46075,0.38475,-0.816
0.46175,-0.1345,-0.92625,0.47025,0.3785,-0.7995
0.459,-0.1355,-0.92375,0.47575,0.38175,-0.7955
0.452,-0.14225,-0.9285001,0.47825,0.3825,-0.8
0.44625,-0.14525,-0.9405,0.4705,0.38675,-0.8107501
0.44225,-0.14375,-0.94025,0.469,0.38025,-0.81625
0.44475,-0.13775,-0.93875,0.464,0.39325,-0.81775
0.4505,-0.13525,-0.93475,0.464,0.39325,-0.81775
0.457,-0.13175,-0.9310001,0.461,0.3835,-0.813
0.459,-0.12825,-0.92575,0.45875,0.3765,-0.8045
0.4625,-0.127,-0.9225,0.45525,0.3795,-0.8092501
0.4605,-0.1325,-0.9285001,0.45975,0.37475,-0.8205
0.4585,-0.1325,-0.92975,0.4655,0.36875,-0.811
0.45,-0.1405,-0.92825,0.471,0.37475,-0.80125
0.44825,-0.1385,-0.9335001,0.476,0.38075,-0.8015
0.449,-0.1385,-0.93775,0.46625,0.3865,-0.80975
0.4455,-0.14725,-0.934,0.4585,0.37875,-0.8155
0.4455,-0.1475,-0.93375,0.45925,0.37775,-0.816
0.45,-0.14375,-0.9317501,0.47775,0.385,-0.80625
0.45725,-0.12975,-0.9292501,0.45875,0.39275,-0.8240001
0.458,-0.128,-0.9275001,0.44625,0.3935,-0.811
0.46,-0.133,-0.92375,0.4675,0.3905,-0.80125
0.45875,-0.13525,-0.9260001,0.46975,0.389,-0.794
0.45675,-0.138,-0.9300001,0.473,0.38725,-0.8042501
0.4545,-0.139,-0.93225,0.474,0.38925,-0.8015
0.45,-0.134,-0.9307501,0.4645,0.38475,-0.80475
0.447,-0.14225,-0.9390001,0.45475,0.39275,-0.81375
0.44775,-0.14675,-0.94025,0.448,0.395,-0.82125
0.44975,-0.14375,-0.93125,0.448,0.38475,-0.8142501
0.453,-0.14225,-0.93125,0.45325,0.38325,-0.8107501
0.458,-0.135,-0.9292501,0.4535,0.38425,-0.814
0.4595,-0.128,-0.9250001,0.458,0.38975,-0.8085001
0.46425,-0.12675,-0.92475,0.45875,0.3905,-0.8067501
0.466,-0.12675,-0.924,0.4615,0.3845,-0.8065
0.4625,-0.1305,-0.9252501,0.46775,0.374,-0.8002501
0.45825,-0.137,-0.92625,0.46725,0.37725,-0.8005
0.45825,-0.1385,-0.9285001,0.46375,0.3765,-0.80325
0.44675,-0.14475,-0.9335001,0.45825,0.3775,-0.8095
0.44725,-0.143,-0.9355,0.45825,0.3775,-0.8095
0.45125,-0.13525,-0.9357501,0.45825,0.3775,-0.8095
0.46225,-0.12825,-0.92375,0.44475,0.38175,-0.82175
0.46375,-0.131,-0.92125,0.44625,0.38525,-0.8297501
0.466,-0.13475,-0.92225,0.44325,0.39,-0.8225001
0.455,-0.143,-0.929,0.53675,0.38,-0.7115
0.45575,-0.13975,-0.9317501,0.5502501,0.3605,-0.588
0.45775,-0.13425,-0.93775,0.5362501,0.33375,-0.57025
0.46,-0.12975,-0.9285001,0.43075,-0.23375,-2.9405
0.45925,-0.1375,-0.92325,0.563,-0.001,-3.337
0.455,-0.144,-0.9275001,0.46675,0.1465,-3.08425
0.452,-0.15025,-0.934,0.49225,0.1155,-2.3875
0.448,-0.1475,-0.9375001,0.2305,-0.05475,-1.35875
0.4375,-0.148,-0.9440001,0.23275,-0.17475,-0.97325
0.43975,-0.151,-0.9495,0.13925,-0.17375,-0.56
0.44575,-0.14325,-0.93775,0.09450001,-0.11425,-0.44325
0.45325,-0.136,-0.92575,0.04075,-0.10875,-0.3695
0.46325,-0.13,-0.92225,0.0185,-0.16675,-0.284
0.474,-0.1245,-0.9215,0.01725,-0.16225,-0.16675
0.47525,-0.1205,-0.9192501,0.055,-0.2025,-0.09675001
0.4775,-0.12025,-0.91225,0.09225,-0.2585,-0.04775
0.4765,-0.12375,-0.91225,0.15775,-0.324,0.20425
0.475,-0.13175,-0.91875,0.233,-0.296,0.31525
0.46475,-0.139,-0.9225,0.32075,-0.13975,0.389
0.4615,-0.13475,-0.923,0.35775,-0.0895,0.39775
0.457,-0.1355,-0.93025,0.40125,-0.0735,0.40625
0.4555,-0.13775,-0.9385,0.537,0.00325,0.42475
0.46025,-0.1355,-0.9305,0.562,0.0795,0.382
0.4645,-0.13325,-0.924,0.6225,0.163,0.2685
0.4745,-0.133,-0.92075,0.65925,0.319,-0.1015
0.47175,-0.13875,-0.9177501,0.68775,0.36925,-0.17425
0.471,-0.13125,-0.9175,0.7495,0.46025,-0.244
0.461,-0.1405,-0.9245,0.7672501,0.45875,-0.31075
0.456,-0.14025,-0.9307501,0.79575,0.45975,-0.33875
0.4505,-0.14275,-0.93625,0.7960001,0.443,-0.398
0.45125,-0.14325,-0.93775,0.61225,0.3495,-0.76425
0.45275,-0.1435,-0.93225,0.521,0.32075,-0.8592501
0.46725,-0.1425,-0.9245,0.5315,0.24025,-0.975
0.4535,-0.128,-0.9217501,0.5275,0.14925,-1.017
0.4795,-0.1455,-0.92325,0.397,0.0195,-0.817
0.46175,-0.14875,-0.9210001,0.35,-0.038,-0.7015001
0.46225,-0.1505,-0.9155,2.472,-1.01175,-4.7675
0.45075,-0.127,-0.9292501,0.038,0.83075,-5.23025
0.448,-0.128,-0.9472501,0.49175,-0.74775,-1.98475
0.4475,-0.144,-0.9367501,0.58625,-0.37525,-0.417
0.442,-0.14725,-0.933,0.3705,-0.215,-0.27975
0.45075,-0.14825,-0.9315,0.249,-0.04175,-0.004
0.457,-0.14125,-0.929,0.623,-0.03125,-0.68075
0.46025,-0.12975,-0.927,0.6192501,0.04625,-1.213
0.47075,-0.1265,-0.9195001,0.42475,0.1355,-1.426
0.473,-0.1255,-0.91425,0.37425,0.06825,-1.06175
0.4735,-0.13725,-0.9202501,0.3695,0.04275,-0.837
0.4695,-0.14225,-0.9205,0.40275,0.06375001,-0.74875
0.463,-0.13675,-0.92075,0.4125,0.093,-0.7725
0.463,-0.13825,-0.9267501,0.4405,0.128,-0.9727501
0.456,-0.14475,-0.92825,0.45225,0.1545,-1.00475
0.453,-0.15075,-0.9315,0.441,0.15125,-0.9637501
0.44775,-0.144,-0.93625,0.43775,0.089,-0.88775
0.446,-0.145,-0.94125,0.4575,0.08425,-0.8745
0.4575,-0.1405,-0.9285001,0.46875,0.10025,-0.88775
0.46125,-0.1405,-0.91875,0.46475,0.10625,-0.89325
0.46775,-0.13425,-0.91475,0.4625,0.09925,-0.8905001
0.4695,-0.1305,-0.91875,0.4635,0.061,-0.89275
0.4655,-0.1275,-0.919,0.4655,-0.018,-1.0015
0.4635,-0.13125,-0.933,0.44775,-0.059,-1.064
0.45075,-0.1535,-0.9795001,0.53525,0.14875,-0.8437501
0.447,-0.15375,-0.9775,0.58125,0.2495,-0.7360001
0.444,-0.16175,-0.9395,0.5845,0.21775,-0.7405
0.447,-0.17425,-0.9562501,0.5645,0.2185,-0.7147501
0.458,-0.18175,-0.9955,0.61675,0.24325,-0.69225
0.4705,-0.17575,-0.99225,0.61,0.20775,-0.7862501
0.4865,-0.20175,-0.8642501,0.70025,0.2535,-0.60925
0.4905,-0.19325,-0.8767501,0.86725,0.326,-0.461
0.54425,-0.1565,-0.86125,0.8387501,0.281,-0.459
0.5575,-0.11625,-0.8520001,0.8232501,0.05625,-0.67125
0.66825,-0.1095,-0.9572501,0.81275,0.26325,-0.499
0.5905001,-0.1315,-0.9265,0.8165001,0.27775,-0.53825
0.56925,-0.20425,-0.9465001,0.8785,0.102,-0.62575
0.6055,-0.15025,-0.7445,0.8272501,-0.0165,-0.64675
0.55825,-0.1395,-0.7135,0.835,-0.0895,-0.64425
0.6242501,-0.12925,-0.7262501,0.785,-0.0795,-0.62475
0.6835001,-0.10425,-0.73575,0.7895001,-0.035,-0.5732501
0.71125,-0.08450001,-0.7475001,0.7640001,-0.03175,-0.557
0.72175,-0.07,-0.7535,0.8157501,-0.0135,-0.57875
0.7295001,-0.05925,-0.7245001,0.8345,0.0785,-0.5405
0.7255,-0.02775,-0.70625,0.798,0.0895,-0.476
0.7225,0.011,-0.71075,0.88675,0.06675,-0.4905
0.7195,-0.031,-0.77825,0.9160001,0.08325,-0.4725
0.70925,-0.06475,-0.79475,0.8930001,0.09100001,-0.45725
0.6850001,-0.1445,-0.84475,0.8565,0.135,-0.44875
0.68225,-0.1835,-0.8585001,0.9012501,0.1165,-0.47425
0.66075,-0.2025,-0.81875,0.8875,0.089,-0.49525
0.643,-0.1765,-0.7607501,0.867,0.11,-0.43375
0.6662501,-0.152,-0.78825,0.8822501,0.09475,-0.4435
0.70675,-0.14275,-0.8,0.91075,0.048,-0.4935
0.72725,-0.14825,-0.75025,0.90425,0.008,-0.55175
0.73425,-0.1475,-0.737,0.886,0.03125,-0.508
0.7285,-0.136,-0.74475,0.88375,0.04825,-0.4595
0.71775,-0.11675,-0.7590001,0.87375,0.05025,-0.47175
0.705,-0.1295,-0.76375,0.8785,0.0755,-0.4525
0.69675,-0.11575,-0.76675,0.8710001,0.10625,-0.47775
0.69125,-0.26575,-0.7765,0.88375,0.09500001,-0.4815
0.72975,-0.51425,-0.886,0.8930001,0.0935,-0.51075
0.70375,-0.79825,-0.896,0.8925,0.07700001,-0.5190001
0.57375,-1.34775,-1.2085,0.8775001,0.05325,-0.5100001
0.65025,-1.897,-1.489,0.883,0.048,-0.51625
0.431,-2.68175,-2.23525,0.881,0.0545,-0.5155
0.965,-3.189,-1.4775,0.8785,0.063,-0.48825
0.0925,-1.9795,-1.60325,0.84025,0.061,-0.51175
-0.8995001,-1.1765,-1.565,0.87525,0.06125,-0.50475
-1.07175,-0.51525,-1.11125,0.88625,0.071,-0.5132501
-0.9595001,0.051,-0.6407501,0.88525,0.07625,-0.50325
-1.15775,0.213,-0.645,0.87375,0.07575,-0.49425
-1.21475,0.345,-0.8347501,0.8875,0.05575,-0.4885
-1.225,0.43125,-1.40725,0.88675,0.047,-0.494
-0.9715,0.369,-1.681,0.8805,0.043,-0.49625
-1.04675,0.3185,-1.813,0.8742501,0.051,-0.49825
-1.105,0.24325,-1.69175,0.8980001,0.0635,-0.49525
-1.172,0.13675,-1.657,0.8955001,0.07600001,-0.486
-1.141,-0.0665,-1.81225,0.8735,0.10325,-0.467
-0.8412501,0.081,-1.85575,0.87775,0.105,-0.47375
-0.46625,0.32925,-1.814,0.86975,0.09550001,-0.49
-0.27325,0.49475,-1.50725,0.87275,0.075,-0.5045
-0.49375,0.6485,-1.26825,0.876,0.06925,-0.50675
-0.5840001,0.738,-1.01875,0.8750001,0.0635,-0.517
-0.53075,0.52575,-0.53125,0.8750001,0.05675,-0.52025
-0.5115,0.373,-0.54175,0.8732501,0.06175,-0.5195
-0.6727501,0.08225001,-0.80475,0.8715,0.06875,-0.51725
-0.415,-0.1905,-1.4955,0.8715,0.06975,-0.521
-0.09475,-0.39525,-1.33075,0.8445001,0.05925,-0.52125
-0.2265,-0.1935,-1.6645,0.8655,0.06075,-0.498
-0.2365,0.2355,-2.1855,0.88875,0.05875,-0.4825
0.0005,0.26225,-2.352,0.89425,0.062,-0.4615
0.08825,0.425,-2.334,0.9022501,0.066,-0.45325
0.30525,0.673,-2.4015,0.87475,0.07675,-0.47475
0.053,-0.0115,-3.0795,0.8695,0.08275001,-0.4765
0.2235,-0.8297501,-3.17375,0.85975,0.089,-0.4965
-0.67875,-0.8602501,-1.63775,0.8372501,0.09875,-0.55125
-0.8285,-0.6085,-1.179,0.83,0.1,-0.577
-0.7185,-0.33825,-0.9162501,0.826,0.09850001,-0.6070001
-0.7035,-0.241,-0.8275,0.8092501,0.1165,-0.6305
-0.65675,-0.096,-0.8430001,0.79875,0.13675,-0.63425
-0.5655,-0.0715,-0.9035,0.79425,0.146,-0.6265
-0.46625,-0.0475,-1.04425,0.771,0.12325,-0.60225
-0.47325,-0.155,-1.32725,0.8107501,0.11875,-0.5765
-0.53975,-0.14925,-1.274,0.825,0.1105,-0.58175
-0.63225,-0.05575,-1.2955,0.85625,0.09575,-0.56525
-0.5855,-0.0265,-1.2845,0.8545001,0.08775,-0.5595
-0.53175,-0.03325,-1.33575,0.83775,0.07475001,-0.562
-0.48975,-0.13925,-1.3835,0.83925,0.0735,-0.55875
-0.47725,-0.177,-1.36675,0.835,0.08275001,-0.56125
-0.4385,-0.206,-1.3245,0.8290001,0.093,-0.55975
-0.36625,-0.2395,-1.3275,0.82625,0.09950001,-0.5755
-0.329,-0.19575,-1.2495,0.83075,0.0865,-0.5895
-0.25375,-0.164,-1.2615,0.8347501,0.087,-0.574
-0.1255,-0.17825,-1.1945,0.8362501,0.08925001,-0.54325
-0.09825,-0.18725,-1.125,0.8075001,0.08475,-0.539
-0.0525,-0.185,-1.0315,0.8355001,0.0775,-0.5330001
-0.09675001,-0.09375001,-0.9105,0.862,0.059,-0.55775
-0.04825,-0.08975001,-0.7775,0.85825,0.0595,-0.555
-0.00075,-0.143,-0.76875,0.8505,0.064,-0.5585001
-0.03175,-0.1875,-0.60475,0.84025,0.0785,-0.572
0.01375,-0.1725,-0.45425,0.82175,0.09475,-0.54875
0.08625001,-0.16975,-0.3435,0.82625,0.11325,-0.5395
0.1625,-0.32575,-0.3795,0.86725,0.09100001,-0.5985
0.19725,-0.463,-0.5075001,1.00175,0.09450001,-0.53
0.1875,-0.5617501,-0.5365,1.02275,0.0435,-0.531
0.27125,-0.51425,-0.3575,0.8660001,0.112,-0.42925
0.20725,-0.684,-0.2635,0.84,0.06425,-0.47975
0.343,-0.69125,-0.18075,0.75625,0.052,-0.38575
0.4105,-0.57675,-0.30825,0.998,0.08050001,-0.312
0.3865,-0.20975,-0.7095,1.03375,0.075,-0.447
0.4535,-0.17925,-0.798,0.99525,0.08875,-0.43275
0.4875,-0.3785,-0.8240001,1.00675,0.093,-0.2895
1.37775,-0.7335001,-2.8115,0.9955,0.042,-0.16275
0.983,-0.4305,-1.76,0.9727501,0.03275,-0.057
0.6115,-0.10025,-0.89775,0.9152501,0.002,-0.04025
0.44325,-0.12975,-0.59475,0.99525,-0.0005,-0.02325
0.2905,-0.118,-0.4515,1.0055,-0.0735,-0.068
0.51525,-0.26675,-0.75025,1.018,-0.05325,-0.1745
0.634,-0.29725,-0.94925,1.01925,-0.01075,-0.23425
0.56,-0.3905,-1.1245,1.02625,0.016,-0.27175
0.45375,-0.3195,-1.09075,0.93625,0.02025,-0.28825
0.4285,-0.22275,-0.88375,0.956,-0.02,-0.35875
0.36125,-0.2445,-0.669,0.98975,0.07675,-0.22625
0.307,-0.20275,-0.40275,1.05175,-0.0025,-0.28675
0.265,-0.03375,-0.15775,0.9545,-0.00725,-0.2475
0.46675,-0.20125,-0.951,0.9465001,0.0075,-0.23825
0.35775,-0.2935,-1.7685,0.9875001,0.0625,-0.25175
0.42575,-0.08450001,-1.43225,0.96075,0.085,-0.267
0.238,-0.17275,-1.03625,0.95,0.075,-0.29075
0.21825,0.00425,-0.4995,0.9482501,-0.018,-0.4765
0.0445,-0.09900001,-0.32375,0.9432501,-0.0315,-0.4905
0.71075,0.2055,-3.1895,0.9432501,-0.0315,-0.4905
0.192,0.03425,-0.67,0.92475,0.02425,-0.416
0.048,-0.2485,-0.8060001,0.919,0.033,-0.37475
0.191,-0.12525,-1.16175,0.919,0.00775,-0.42075
0.15675,0.14675,-1.062,0.9325001,-0.06025,-0.46575
0.24675,0.1745,-0.9572501,0.92875,-0.03875,-0.434
0.27775,0.12,-0.946,0.9255,-0.02525,-0.40525
0.129,-0.0295,-0.9802501,0.934,-0.08375,-0.45225
0.13425,-0.05625,-1.03925,0.9355,-0.07025,-0.407
0.2285,-0.104,-1.0395,0.94025,-0.05025,-0.3965
0.31025,0.195,-0.9435,0.9242501,-0.06,-0.3665
0.27075,0.317,-1.1295,0.934,-0.04625,-0.4045
-0.08625001,-1.01725,-2.3505,0.9310001,-0.04025,-0.40425
0.07625,-0.274,-0.178,0.9245,-0.022,-0.399
0.049,-0.12675,-0.18475,0.9177501,-0.00575,-0.38525
0.32675,-0.281,-2.4395,0.9160001,-0.0105,-0.403
0.05725,0.2485,-1.5005,0.9165,-0.02,-0.411
0.0625,0.42525,-1.3535,0.9192501,-0.0455,-0.4365
0.226,0.19625,-1.11725,0.92,-0.0605,-0.451
0.0295,-0.23325,-0.424,0.9210001,-0.07325,-0.45525
0.07250001,0.072,-1.389,0.91825,-0.06425,-0.44375
0.09225,0.2615,-1.18475,0.9087501,-0.07325,-0.45075
0.1235,0.038,-1.084,0.9052501,-0.05425,-0.465
0.093,-0.24525,-0.65075,0.9075,-0.0545,-0.47625
0.0615,-0.01375,-1.18625,0.904,-0.06275,-0.461
0.09775001,0.072,-1.0825,0.9037501,-0.06875,-0.42825
0.09275001,0.00675,-1.032,0.93125,-0.06950001,-0.41625
0.08925001,-0.05625,-0.983,0.9525,-0.0705,-0.42
0.09125,0.0075,-1.03675,0.9085,-0.039,-0.45425
0.09875,0.0745,-1.08125,0.9035,-0.03325,-0.4585
0.101,0.08750001,-1.0885,0.90575,-0.0345,-0.44725
0.09325001,-0.0055,-1.0265,0.91425,-0.04575,-0.44275
0.08675,-0.05775,-0.9845001,0.9152501,-0.04325,-0.42525
0.09025001,-0.01525,-1.0185,0.9175,-0.04225,-0.4125
0.1005,0.0795,-1.084,0.91975,-0.052,-0.4115
0.09900001,0.07625,-1.0835,0.9205,-0.053,-0.408
0.094,0.01875,-1.04425,0.923,-0.0535,-0.409
0.094,0.01875,-1.04425,0.90675,-0.05175,-0.42325
0.09375001,-0.006,-1.0245,0.8947501,-0.0535,-0.43525
0.09525,0.0295,-1.0515,0.9075,-0.0575,-0.4555
0.09725001,0.0625,-1.075,0.9217501,-0.04225,-0.461
0.09525,0.01,-1.03475,0.9252501,-0.02675,-0.45325
0.0935,-0.014,-1.02025,0.90425,-0.01825,-0.447
0.09100001,-0.00175,-1.0265,0.9030001,-0.02425,-0.4605
0.09425,0.02325,-1.04675,0.9035,-0.0205,-0.45975
0.09875,0.06675,-1.077,0.9035,-0.02825,-0.464
0.09925,0.0595,-1.0705,0.9045001,-0.032,-0.46075
0.09175,-0.004,-1.02675,0.909,-0.03775,-0.44675
0.09,-0.01375,-1.01825,0.9110001,-0.041,-0.4565
0.09375001,-0.008,-1.0245,0.9105,-0.04325,-0.46
0.09675001,0.0395,-1.05775,0.9152501,-0.03775,-0.4345
0.096,0.0645,-1.07425,0.91675,-0.03025,-0.421
0.09475,0.00625,-1.03325,0.913,-0.02375,-0.41525
0.09425,-0.0055,-1.026,0.8922501,-0.02575,-0.423
0.09175,-0.00725,-1.02425,0.9020001,-0.02175,-0.42325
0.09450001,0.011,-1.03675,0.91575,-0.0275,-0.4395
0.097,0.0505,-1.06375,0.9177501,-0.02375,-0.44525
0.09775001,0.05525,-1.067,0.9192501,-0.02925,-0.47175
0.0925,0.00375,-1.032,0.90575,-0.001,-0.44625
0.09275001,-0.002,-1.02975,0.89575,-0.018,-0.5055
0.09450001,0,-1.0285,0.9062501,0.00775,-0.432
0.09375001,0.0065,-1.033,0.9075,0.00575,-0.42975
0.09625001,0.05175,-1.06625,0.9102501,-0.00275,-0.43925
0.09450001,0.03275,-1.05375,0.9095001,0.00275,-0.427
0.093,0.00375,-1.03,0.9070001,-0.00275,-0.4745
0.09225,0.0025,-1.02975,0.9062501,-0.00075,-0.46675
0.09375001,0.007,-1.03225,0.91,-0.005,-0.45275
0.09500001,0.0225,-1.04375,0.9152501,-0.01075,-0.4305
0.09675001,0.0475,-1.0605,0.9065,0,-0.45075
0.09525,0.0325,-1.0525,0.909,-0.00175,-0.4355
0.09500001,0.00625,-1.03375,0.9120001,-0.0135,-0.456
0.09525,0.006,-1.0335,0.899,-0.025,-0.47025
0.09675001,0.00975,-1.0345,0.91175,-0.02125,-0.437
0.09500001,0.04075,-1.05825,0.9202501,-0.0015,-0.4175
0.09525,0.009000001,-1.033,0.9125,0.00875,-0.42575
0.094,0.00675,-1.03275,0.8980001,0.00625,-0.4405
0.0935,0.0265,-1.047,0.919,0.0045,-0.4665
0.09625001,0.0385,-1.0565,0.8987501,0.0105,-0.4805
0.09575,0.0195,-1.04175,0.8945,0.01475,-0.48075
0.09200001,0.009500001,-1.03325,0.897,0.00175,-0.4895
0.0925,0.015,-1.03875,0.8962501,0.005,-0.49325
0.096,0.03175,-1.0525,0.9005001,0.00275,-0.46675
0.09475,0.0115,-1.0355,0.8997501,0.00575,-0.46125
0.09175,0.01,-1.03475,0.9005001,0.00875,-0.45875
0.09325001,0.01825,-1.04275,0.8987501,0.015,-0.448
0.09625001,0.02125,-1.0435,0.896,-0.003,-0.46275
0.09425,0.0115,-1.036,0.92575,-0.00325,-0.481
0.0925,0.0145,-1.03875,0.895,0.008,-0.48775
0.09275001,0.022,-1.046,0.895,0.0055,-0.48825
0.09500001,0.01575,-1.0405,0.8825001,0.01225,-0.4895
0.093,0.0145,-1.04,0.88025,0.00875,-0.494
0.09375001,0.019,-1.0425,0.882,0.008,-0.49325
0.09525,0.018,-1.04025,0.88875,-0.001,-0.516
0.09575,0.01575,-1.04025,0.89125,0.005,-0.50025
0.09550001,0.02025,-1.04175,0.897,0.01225,-0.48925
0.09200001,0.019,-1.04175,0.88275,0.022,-0.48375
0.09450001,0.015,-1.0405,0.88275,0.022,-0.48375
0.097,0.02275,-1.04425,0.8897501,0.029,-0.49225
0.097,0.02275,-1.04425,0.8897501,0.029,-0.49225
0.0935,0.01575,-1.04075,0.8882501,0.02225,-0.50875
0.09725001,0.02,-1.04175,0.882,0.02875,-0.48875
0.09625001,0.02225,-1.04375,0.8847501,0.0215,-0.48475
0.09475,0.0185,-1.04125,0.8845,0.01875,-0.492
0.09500001,0.01725,-1.03975,0.88775,0.01425,-0.492
0.098,0.02125,-1.04325,0.8832501,0.004,-0.4915
0.09500001,0.019,-1.0405,0.89275,0.005,-0.47525
0.09375001,0.0175,-1.041,0.89425,0.017,-0.47375
0.094,0.01725,-1.04025,0.88025,0.02875,-0.46525
0.09475,0.018,-1.04,0.8782501,0.0295,-0.47525
0.09375001,0.01875,-1.0395,0.8972501,0.0305,-0.49925
0.0905,0.02425,-1.0425,0.8880001,0.02325,-0.50575
0.09150001,0.02225,-1.0435,0.8845,0.02175,-0.50525
0.10725,0.00875,-1.04,0.8575,0.00825,-0.5215001
0.09425,0.009500001,-1.03375,0.8700001,0.01875,-0.5285
0.0865,0.017,-1.03475,0.91425,0.09375001,-0.505
0.09200001,0.03425,-1.0525,0.8935,0.58175,-0.74
0.097,0.012,-1.02475,0.8592501,0.74525,-0.869
0.10375,0.00575,-1.04425,0.59175,0.877,-0.89175
0.08350001,0.01025,-1.03575,0.3505,1.585,-1.509
0.0905,0.03375,-1.05075,0.20725,2.086,-1.702
0.10125,0.04075,-1.0585,0.0345,2.57625,-1.5755
0.093,0.007,-1.03475,-0.6025,2.48975,-1.6085
0.08775,0.00825,-1.03125,-0.1365,1.65175,-1.31225
0.09025001,0.01,-1.03475,-0.6145,1.265,-1.50375
0.10075,0.03375,-1.05475,-0.5725001,0.7355,-1.659
0.09275001,0.01425,-1.03675,-0.47775,0.434,-2.173
0.089,0.01,-1.03025,-0.284,-0.08625001,-2.1735
0.09950001,0.02475,-1.048,-0.34975,-0.74375,-2.12675
0.09925,0.02725,-1.05,-0.522,-0.7445,-2.09575
0.09925,0.02725,-1.05,-0.522,-0.7445,-2.09575
0.09275001,0.022,-1.04375,-0.522,-0.7445,-2.09575
0.09725001,0.02725,-1.04825,-0.701,-0.615,-2.15125
0.0965,0.01725,-1.041,-0.841,-0.4505,-2.36575
0.08925001,0.01725,-1.04075,-1.22425,-0.07925,-3.02475
0.09325001,0.027,-1.047,-1.28275,-0.1435,-3.197
0.09675001,0.02375,-1.045,-0.94625,-0.4135,-3.38925
0.0935,0.013,-1.03725,0.2345,-0.66925,-3.265
0.0935,0.0215,-1.04575,0.659,-1.03425,-1.472
0.09500001,0.025,-1.04625,0.6752501,-1.0095,-0.7507501
0.09425,0.01225,-1.0365,1.46775,-0.27975,-2.9595
0.09325001,0.0195,-1.04175,2.20475,0.35725,-3.65625
0.09150001,0.0265,-1.0465,2.20475,0.35725,-3.65625
0.09375001,0.0185,-1.04225,1.21425,0.2455,-2.143
0.09425,0.0145,-1.03975,0.4855,0.06,-1.6485
0.094,0.0225,-1.04375,0.119,-0.119,-1.2835
0.094,0.0155,-1.04075,0.057,0.00175,-1.315
0.09375001,0.01225,-1.038,0.059,0.14625,-1.5795
0.096,0.0175,-1.04075,0.02575,0.19725,-1.76525
0.09425,0.0205,-1.04225,-0.0295,0.4155,-1.8745
0.09375001,0.01675,-1.04025,-0.0555,0.3835,-1.96325
0.09550001,0.01775,-1.04025,-0.09425,0.296,-1.99775
0.09425,0.01775,-1.04075,-0.09450001,0.19825,-1.8315
0.0935,0.01675,-1.041,-0.0235,0.17325,-1.833
0.09450001,0.01975,-1.04075,0.03475,0.15,-1.9055
0.09450001,0.0165,-1.041,0.08425,0.12125,-1.6545
0.09475,0.01625,-1.04075,-0.0305,0.03325,-1.3875
0.09575,0.0195,-1.042,-0.0395,0.10925,-1.17575
0.094,0.01675,-1.041,0.089,0.2015,-1.02925
0.09325001,0.01675,-1.0405,0.11225,0.23775,-1.0075
0.0965,0.01875,-1.042,0.08050001,0.298,-0.8825001
0.09525,0.019,-1.04075,0.08050001,0.298,-0.8825001
0.09500001,0.01775,-1.041,0.07075001,0.28825,-0.7415
0.09375001,0.01625,-1.04075,0.07875001,0.26275,-0.70575
0.09375001,0.01875,-1.04025,0.2585,0.318,-0.66525
0.09500001,0.01925,-1.04075,0.3425,0.3425,-0.6850001
0.09450001,0.0175,-1.0415,0.40875,0.45075,-0.6035
0.09450001,0.018,-1.04075,0.38875,0.48375,-0.40825
0.09450001,0.01875,-1.04,0.5005,0.372,-0.4795
0.09475,0.01975,-1.041,0.4975,0.42525,-0.5642501
0.093,0.01725,-1.04125,0.57925,0.5190001,-0.4465
0.09475,0.019,-1.0415,0.6775,0.35175,-0.49925
0.09500001,0.01875,-1.04025,0.63075,0.24675,-0.49275
0.096,0.019,-1.03875,0.6815,0.03425,-0.5865
0.09475,0.0115,-1.04125,0.64325,-0.06550001,-0.637
0.08175001,0.02,-1.03,0.61425,-0.09125,-0.65125
0.09775001,0.04,-1.051,0.54325,-0.1845,-0.61325
0.0905,0.00875,-1.03975,0.50125,-0.30125,-0.56825
0.09075,0.00375,-1.02925,0.44125,-0.227,-0.66975
0.0885,0.0125,-1.032,2.24675,0.02825,-2.2465
0.09450001,0.04675,-1.06175,1.4205,0.25525,-1.5495
0.1055,0.04425,-1.06325,0.6395,0.586,-1.2725
0.08575001,0.0025,-1.02825,0.67975,0.2385,-1.10475
0.09375001,0.001,-1.02475,0.5345,0.09325001,-0.7975
0.10025,0.0045,-1.03125,0.535,-0.0635,-0.6555001
0.09075,0.04875,-1.06375,0.69175,-0.09925,-0.657
0.09625001,0.034,-1.052,0.71175,-0.06500001,-0.68875
0.09500001,0.0105,-1.03325,0.69925,-0.11525,-0.705
0.09625001,0.00675,-1.03475,0.66225,-0.141,-0.71025
0.0975,0.011,-1.03525,0.6995,-0.17525,-0.69725
0.09100001,0.03725,-1.0535,0.7045,-0.1755,-0.68525
0.09950001,0.01525,-1.03825,0.69275,-0.1345,-0.7162501
0.09475,0.0085,-1.034,0.69275,-0.1345,-0.7162501
0.0895,0.008,-1.03375,0.6965,-0.05525,-0.7212501
0.09900001,0.02925,-1.04825,0.7115,0.05525,-0.72675
0.09725001,0.04175,-1.05875,0.71125,0.0705,-0.7270001
0.09125,0.01925,-1.04275,0.7097501,0.0615,-0.7327501
0.09150001,0.00825,-1.033,0.7175,0.04375,-0.73975
0.094,0.009000001,-1.03275,0.7302501,0.057,-0.7352501
0.09900001,0.02775,-1.04825,0.6965,0.08450001,-0.6842501
0.08925001,0.01725,-1.0395,0.656,0.063,-0.7305
0.09275001,0.00925,-1.032,0.6315,0.0645,-0.749
0.097,0.01075,-1.03275,0.68025,-0.04475,-0.8365
0.09575,0.019,-1.04175,0.5635,-0.01725,-0.8675001
0.093,0.0225,-1.0445,0.739,0.028,-0.6620001
0.094,0.0105,-1.0335,0.6752501,0.075,-0.6775
0.09500001,0.012,-1.036,0.6715,0.08925001,-0.6950001
0.0925,0.025,-1.04625,0.7045,0.1205,-0.7515
0.08975001,0.01575,-1.0385,0.6720001,0.16025,-0.77275
0.09675001,0.021,-1.04325,0.6615,0.15725,-0.75675
0.094,0.0245,-1.04525,0.64775,0.13875,-0.7377501
0.09100001,0.018,-1.0405,0.63375,0.1105,-0.748
0.09425,0.017,-1.04025,0.651,0.10625,-0.7622501
0.09525,0.02275,-1.044,0.6605,0.09725001,-0.768
0.09500001,0.01925,-1.042,0.65375,0.08725,-0.7755001
0.094,0.01675,-1.041,0.6455,0.09275001,-0.7615001
0.096,0.02175,-1.04425,0.646,0.10225,-0.7545
0.0975,0.01975,-1.04225,0.64625,0.08825,-0.7665001
0.09,0.019,-1.03975,0.636,0.11325,-0.77025
0.09425,0.02075,-1.043,0.636,0.11325,-0.77025
0.09675001,0.02075,-1.0435,0.628,0.12125,-0.7640001
0.09275001,0.0175,-1.0405,0.62825,0.1165,-0.7675
0.094,0.01975,-1.0425,0.6217501,0.127,-0.7747501
0.09450001,0.0205,-1.0435,0.61675,0.1275,-0.78025
0.09375001,0.016,-1.04,0.6135001,0.08350001,-0.8100001
0.09375001,0.01825,-1.0405,0.6005,0.07175,-0.8365
0.096,0.02,-1.0425,0.5925,0.08675,-0.851
0.09525,0.01675,-1.0395,0.5987501,0.12725,-0.77425
0.09475,0.018,-1.0405,0.5945,0.13475,-0.7765
0.09375001,0.01875,-1.0415,0.6025,0.1445,-0.78975
0.094,0.018,-1.04025,0.6037501,0.12125,-0.799
0.096,0.01775,-1.0405,0.60525,0.114,-0.8055
0.09450001,0.0175,-1.04,0.6015,0.112,-0.80375
0.09325001,0.0185,-1.0395,0.59675,0.1025,-0.8050001
0.094,0.0185,-1.04025,0.59775,0.103,-0.80375
0.09425,0.0185,-1.04,0.5987501,0.10725,-0.8015
0.093,0.0175,-1.03925,0.59325,0.0965,-0.8145
0.09450001,0.0185,-1.04125,0.59175,0.09725001,-0.82025
0.096,0.02125,-1.04275,0.59725,0.09425,-0.81225
0.09425,0.0175,-1.04075,0.60525,0.12725,-0.7772501
0.09425,0.01775,-1.04075,0.613,0.12125,-0.79075
0.09375001,0.0185,-1.0405,0.6095001,0.11925,-0.79475
0.09450001,0.017,-1.04025,0.60275,0.10575,-0.80625
0.09325001,0.01775,-1.0395,0.60075,0.09925,-0.817
0.0935,0.01875,-1.03975,0.60175,0.11125,-0.8105
0.0925,0.01875,-1.04,0.60325,0.11,-0.7830001
0.09275001,0.01825,-1.04025,0.605,0.11125,-0.7875
0.0935,0.01775,-1.04025,0.60225,0.116,-0.79725
0.09425,0.0185,-1.0405,0.60325,0.11625,-0.8027501
0.094,0.018,-1.04,0.60275,0.11925,-0.79425
0.09275001,0.019,-1.04,0.6015,0.116,-0.79375
0.09375001,0.01675,-1.041,0.60425,0.11925,-0.795
0.094,0.01925,-1.04175,0.609,0.12,-0.794
0.09500001,0.02025,-1.04075,0.60675,0.11775,-0.7925
0.09325001,0.01625,-1.04025,0.6035,0.10875,-0.804
0.09425,0.01775,-1.04025,0.6035,0.10875,-0.804
0.09375001,0.01875,-1.04025,0.6035,0.10875,-0.804
0.0935,0.01725,-1.041,0.59925,0.11225,-0.8045
0.09450001,0.017,-1.04075,0.603,0.114,-0.795
0.09550001,0.0175,-1.04125,0.59975,0.11975,-0.79625
0.09525,0.01825,-1.04075,0.601,0.1165,-0.7985001
0.09325001,0.01725,-1.04075,0.605,0.11475,-0.7992501
0.0925,0.01725,-1.04025,0.605,0.12325,-0.7925
0.09500001,0.01675,-1.0405,0.60425,0.12475,-0.793
0.09575,0.02075,-1.04125,0.605,0.118,-0.79825
0.09500001,0.0185,-1.04025,0.6037501,0.12175,-0.802
0.0935,0.0165,-1.04075,0.604,0.11125,-0.8055
0.09375001,0.019,-1.0405,0.6,0.12475,-0.7975
0.09550001,0.02025,-1.041,0.59925,0.11325,-0.794
0.09500001,0.0165,-1.041,0.6035,0.121,-0.8002501
0.096,0.01875,-1.03925,0.61,0.11975,-0.7965
0.09525,0.0185,-1.04,0.606,0.12475,-0.78925
0.0965,0.02125,-1.043,0.60575,0.1285,-0.789
0.09100001,0.019,-1.03875,0.6085,0.1245,-0.7902501
0.0935,0.0175,-1.039,0.61375,0.1345,-0.7927501
0.09500001,0.01875,-1.04025,0.60025,0.14175,-0.7915
0.09125,0.01875,-1.0385,0.609,0.128,-0.7875
0.0935,0.01725,-1.04075,0.609,0.128,-0.7875
0.09375001,0.01775,-1.0395,0.60175,0.133,-0.8
0.094,0.019,-1.0405,0.60275,0.115,-0.7975
0.0935,0.0185,-1.04025,0.60325,0.1075,-0.8010001
0.09525,0.01775,-1.04,0.605,0.1205,-0.79575
0.09725001,0.02125,-1.04275,0.60025,0.1275,-0.79675
0.09450001,0.01925,-1.0405,0.60825,0.13375,-0.791
0.09325001,0.01575,-1.0405,0.60925,0.12975,-0.7837501
0.09375001,0.01775,-1.03875,0.6115,0.1235,-0.78075
0.09500001,0.02025,-1.03975,0.60925,0.12575,-0.78425
0.094,0.019,-1.0405,0.60875,0.12325,-0.799
0.094,0.0175,-1.04075,0.60875,0.12325,-0.799
0.09525,0.01825,-1.04,0.60325,0.12175,-0.80325
0.094,0.02,-1.0405,0.59925,0.12475,-0.8042501
0.0925,0.0185,-1.04025,0.604,0.125,-0.802
0.09375001,0.016,-1.04075,0.60275,0.133,-0.79725
0.09525,0.01725,-1.03975,0.6035,0.1275,-0.7912501
0.09525,0.0205,-1.043,0.603,0.12575,-0.78725
0.09325001,0.017,-1.0415,0.6105,0.131,-0.78825
0.09425,0.01675,-1.04,0.6105,0.131,-0.78825
0.09550001,0.01925,-1.0405,0.60675,0.12925,-0.7905
0.09425,0.01975,-1.041,0.60675,0.12925,-0.7905
0.094,0.01675,-1.0405,0.6045001,0.13725,-0.7875
0.0935,0.01825,-1.04,0.60825,0.12825,-0.7845001
0.09450001,0.01925,-1.04025,0.60575,0.12675,-0.7902501
0.0925,0.01725,-1.03975,0.60725,0.1235,-0.8002501
0.09450001,0.01625,-1.041,0.60275,0.128,-0.7975
0.09625001,0.01925,-1.04025,0.6005,0.127,-0.79875
0.09575,0.01925,-1.04075,0.5995,0.1295,-0.80625
0.09150001,0.0185,-1.0395,0.59775,0.133,-0.79075
0.094,0.0175,-1.04,0.59775,0.133,-0.79075
0.09475,0.0175,-1.03975,0.60975,0.133,-0.78725
0.09325001,0.02,-1.04075,0.60425,0.13675,-0.78325
0.093,0.01775,-1.04025,0.6055,0.13125,-0.78975
0.09325001,0.01875,-1.039,0.6037501,0.1295,-0.807
0.09675001,0.02325,-1.04225,0.5962501,0.127,-0.8060001
0.09500001,0.01875,-1.04175,0.60275,0.1255,-0.7977501
0.09500001,0.01475,-1.04125,0.587,0.1385,-0.8027501
0.0965,0.01975,-1.0405,0.587,0.1385,-0.8027501
0.0965,0.022,-1.044,0.587,0.1385,-0.8027501
0.09375001,0.015,-1.04075,0.6025,0.13675,-0.79375
0.09450001,0.01675,-1.041,0.582,0.18225,-0.80225
0.09575,0.01875,-1.04025,0.582,0.18225,-0.80225
0.09625001,0.0205,-1.04125,0.58375,0.208,-0.7665001
0.093,0.018,-1.041,0.631,0.17925,-0.774
0.09475,0.017,-1.04025,0.6235,0.147,-0.7952501
0.09325001,0.01975,-1.0395,0.60575,0.07250001,-0.79725
0.09275001,0.01875,-1.0415,0.6192501,0.0435,-0.802
0.09425,0.01625,-1.042,0.6192501,0.0435,-0.802
0.09625001,0.019,-1.03975,0.62775,-0.00225,-0.784
0.09675001,0.02225,-1.043,0.62775,-0.00225,-0.784
0.09375001,0.0195,-1.0405,0.633,0.04375,-0.78075
0.09550001,0.0165,-1.04125,0.6357501,0.1075,-0.7775
0.09500001,0.019,-1.041,0.6357501,0.1075,-0.7775
0.09550001,0.021,-1.0425,0.6325001,0.1205,-0.78425
0.0925,0.0195,-1.04,0.61775,0.131,-0.78675
0.09475,0.01675,-1.0405,0.60575,0.13975,-0.7877501
0.09375001,0.018,-1.0395,0.5965,0.1415,-0.7902501
0.093,0.02025,-1.041,0.604,0.141,-0.8017501
0.09375001,0.01725,-1.041,0.6035,0.12575,-0.8025
0.09550001,0.01725,-1.04075,0.60225,0.11475,-0.7965
0.09500001,0.019,-1.04,0.60075,0.11,-0.799
0.0925,0.0185,-1.03925,0.6015,0.1155,-0.8015
0.09075,0.018,-1.039,0.60075,0.1255,-0.8005
0.09525,0.01875,-1.04,0.60175,0.15025,-0.78325
0.09375001,0.02,-1.0405,0.6,0.1375,-0.791
0.09175,0.01975,-1.04,0.604,0.1285,-0.7970001
0.09425,0.01575,-1.04125,0.6055,0.12375,-0.79725
0.09425,0.01825,-1.03975,0.603,0.122,-0.79875
0.09550001,0.0205,-1.0415,0.5985,0.11975,-0.79875
0.09175,0.02,-1.04,0.6070001,0.1215,-0.8005
0.09550001,0.01675,-1.0405,0.603,0.1305,-0.802
0.098,0.02,-1.04075,0.603,0.1305,-0.802
0.09725001,0.0205,-1.0415,0.601,0.12675,-0.7927501
0.09150001,0.01775,-1.03975,0.60075,0.1315,-0.79425
0.093,0.01675,-1.0395,0.6012501,0.133,-0.7975
0.093,0.01875,-1.04025,0.6025,0.1365,-0.79225
0.09125,0.01825,-1.03975,0.604,0.137,-0.78525
0.09375001,0.0155,-1.04175,0.604,0.137,-0.78525
0.096,0.01975,-1.04125,0.604,0.132,-0.788
0.0935,0.021,-1.04125,0.604,0.132,-0.788
0.09275001,0.019,-1.04075,0.61425,0.13475,-0.79425
0.0935,0.0165,-1.04025,0.6020001,0.119,-0.8
0.096,0.01975,-1.0405,0.5975,0.12325,-0.80325
0.09500001,0.0195,-1.04,0.5975,0.12325,-0.80325
0.0935,0.01625,-1.041,0.6012501,0.127,-0.7995
0.09475,0.01675,-1.039,0.6012501,0.127,-0.7995
0.09575,0.01925,-1.04025,0.60175,0.1325,-0.7975
0.093,0.02,-1.0405,0.604,0.12975,-0.78825
0.094,0.017,-1.04025,0.6055,0.13,-0.78675
0.09375001,0.01675,-1.04025,0.6055,0.13,-0.78675
0.09375001,0.019,-1.04,0.60425,0.1315,-0.78825
0.09150001,0.019,-1.03975,0.60425,0.1315,-0.78825
0.094,0.0165,-1.0405,0.60475,0.1275,-0.8025
0.09675001,0.0195,-1.0405,0.60275,0.12525,-0.8050001
0.09275001,0.02,-1.04025,0.5985,0.12475,-0.803
0.09225,0.01825,-1.0405,0.5995,0.12925,-0.7975
0.09175,0.01775,-1.0395,0.60225,0.13025,-0.7992501
0.09525,0.01875,-1.03925,0.608,0.1305,-0.789
0.09325001,0.01875,-1.0395,0.605,0.1355,-0.7927501
0.09175,0.01925,-1.04025,0.60525,0.1365,-0.788
0.09575,0.01875,-1.04025,0.60425,0.1285,-0.7920001
0.09450001,0.019,-1.04,0.6065,0.12675,-0.8010001
0.09225,0.0185,-1.04,0.60075,0.1315,-0.802
0.09425,0.016,-1.0415,0.60175,0.13275,-0.80125
0.0975,0.01925,-1.0415,0.60175,0.13275,-0.80125
0.0925,0.019,-1.04075,0.61225,0.136,-0.7865
0.09150001,0.0195,-1.03925,0.5995,0.14125,-0.7887501
0.09375001,0.017,-1.03975,0.61225,0.14025,-0.78325
0.09550001,0.01875,-1.04075,0.60325,0.1375,-0.784
0.09325001,0.01975,-1.041,0.60325,0.1325,-0.7945001
0.09200001,0.019,-1.04075,0.60225,0.12825,-0.8055
0.09425,0.016,-1.04075,0.6045001,0.12275,-0.80975
0.094,0.02025,-1.0395,0.6,0.1405,-0.78575
0.09225,0.01925,-1.04025,0.60225,0.1395,-0.7875
0.094,0.01725,-1.04025,0.62025,0.1205,-0.79375
0.096,0.0175,-1.04025,0.61175,0.12525,-0.794
0.09475,0.01975,-1.0405,0.61175,0.12525,-0.794
0.09100001,0.01825,-1.03925,0.6127501,0.12025,-0.78075
0.09325001,0.01775,-1.03975,0.61375,0.13175,-0.78275
0.096,0.02,-1.0405,0.61375,0.13175,-0.78275
0.09200001,0.01875,-1.03925,0.6105,0.13875,-0.78925
0.09175,0.01875,-1.03975,0.60825,0.14325,-0.79675
0.09475,0.01725,-1.04025,0.6070001,0.141,-0.802
0.09475,0.01975,-1.04175,0.6035,0.12775,-0.803
0.0925,0.019,-1.04125,0.59925,0.1125,-0.804
0.0925,0.018,-1.04025,0.59375,0.1,-0.809
0.09625001,0.019,-1.04,0.592,0.09175,-0.8060001
0.09525,0.02,-1.04225,0.604,0.108,-0.7970001
0.09225,0.01825,-1.03975,0.6075,0.118,-0.793
0.09225,0.01675,-1.03975,0.6070001,0.1275,-0.7895001
0.09575,0.019,-1.0405,0.6055,0.13125,-0.7877501
0.093,0.0195,-1.03975,0.6025,0.12,-0.79675
0.09475,0.01725,-1.0415,0.60425,0.10525,-0.80375
0.09475,0.0175,-1.04,0.60425,0.10525,-0.80375
0.09525,0.019,-1.04,0.60425,0.10525,-0.80375
0.09175,0.019,-1.0395,0.60325,0.10275,-0.80225
0.09275001,0.01675,-1.03975,0.6,0.10425,-0.8025
0.09575,0.018,-1.04,0.59775,0.1045,-0.80325
0.0935,0.02,-1.0415,0.60325,0.10825,-0.802
0.09125,0.01875,-1.039,0.6045001,0.116,-0.79725
0.09375001,0.016,-1.041,0.60525,0.1195,-0.79175
0.094,0.01775,-1.039,0.61075,0.1175,-0.7885
0.10025,0.0625,-1.0755,0.601,0.11575,-0.7977501
0.0895,0.00625,-1.03125,0.5975,0.1025,-0.80725
0.0895,0.00625,-1.03125,0.60025,0.10225,-0.8017501
0.08925001,0.25075,-1.1135,0.60325,0.10525,-0.80225
0.25875,0.18575,-1.07775,0.6135001,0.107,-0.802
0.1385,-0.00025,-1.038,0.6115,0.111,-0.7915
0.15225,-0.0505,-1.032,0.62025,0.1135,-0.7905
0.02725,-0.13825,-0.9785001,0.62225,0.11975,-0.7815
-0.04625,-0.123,-1.0035,0.6205,0.12575,-0.7775
0.0755,-0.0445,-0.9955,0.617,0.12175,-0.78
0.103,0.06425,-1.0705,0.61325,0.118,-0.78225
0.09725001,0.10725,-1.091,0.6155,0.114,-0.79075
0.097,0.037,-1.056,0.61475,0.11025,-0.794
0.08875,-0.06950001,-0.9765,0.6152501,0.10675,-0.79175
0.08825,-0.06950001,-0.97225,0.6155,0.1115,-0.789
0.09925,0.10675,-1.098,0.6125,0.12275,-0.7855
0.09775001,0.10225,-1.09825,0.60925,0.12225,-0.7895001
0.0975,0.024,-1.0465,0.60925,0.12225,-0.7895001
0.0905,-0.04525,-0.9932501,0.60425,0.10675,-0.8045
0.09475,0.03225,-1.05125,0.60425,0.10675,-0.8045
0.10275,0.08775,-1.08825,0.6077501,0.11475,-0.81125
0.09850001,0.01675,-1.03975,0.6,0.12275,-0.7865
0.08750001,-0.04825,-0.98625,0.61125,0.119,-0.7697501
0.08775,-0.04525,-0.98975,0.61475,0.113,-0.77275
0.101,0.075,-1.0815,0.629,0.1095,-0.7820001
0.10375,0.08675,-1.08675,0.6242501,0.10725,-0.77925
0.09725001,0.0305,-1.04875,0.6210001,0.11325,-0.7912501
0.08625001,-0.046,-0.98975,0.6210001,0.11325,-0.7912501
0.09475,0.0015,-1.029,0.6210001,0.11325,-0.7912501
0.09900001,0.04625,-1.05925,0.6175,0.1175,-0.7845001
0.0975,0.04575,-1.06,0.6165,0.1175,-0.78225
0.093,0.0065,-1.0315,0.61575,0.11725,-0.7830001
0.114,0.042,-1.004,0.6165,0.11525,-0.794
0.09200001,-0.03175,-1.01,0.61475,0.1165,-0.794
0.11275,0.11025,-1.08675,0.6165,0.11725,-0.7905
0.0575,-0.144,-1.08075,0.6175,0.1155,-0.7952501
0.312,-0.09500001,-1.0685,0.626,0.11275,-0.7845001
0.59775,0.149,-0.98075,0.62825,0.1145,-0.7960001
-0.90075,-0.4195,-1.3365,0.64225,0.09500001,-0.81725
0.05275,0.15075,-1.09425,0.6662501,0.09275001,-0.7912501
0.132,0.0155,-0.952,0.67225,0.10275,-0.7515
0.096,0.09925,-1.05575,0.6637501,0.11675,-0.7075
0.1625,0.083,-1.03475,0.669,0.12225,-0.7315
0.256,-0.03175,-1.00325,0.66575,0.14125,-0.74875
0.26475,-0.013,-0.9820001,0.66025,0.1515,-0.77075
0.20525,0.19975,-1.01775,0.66275,0.15175,-0.9135001
0.07875001,0.29225,-1.01475,0.7145,0.17175,-0.8832501
0.06375001,0.44425,-0.9735001,0.6390001,0.1775,-0.9332501
0.11525,0.5455,-0.92725,0.72075,0.1795,-0.994
0.216,0.4465,-0.93125,0.786,0.3585,-0.9025
0.2275,0.43075,-0.9572501,0.35225,0.6565,-0.9770001
0.23675,0.453,-0.9802501,0.47775,0.7785,-1.068
0.229,0.40425,-1.02725,0.4255,0.90425,-1.1315
0.404,0.2565,-0.951,0.40275,1.1595,-1.052
0.33325,0.21775,-0.9547501,0.22575,1.1355,-1.0025
0.286,0.3345,-1.015,0.05075,1.157,-1.004
0.233,0.5355,-0.94275,-0.115,1.35,-0.9355
0.28875,0.58325,-0.9152501,-0.1555,1.462,-0.8222501
0.3705,0.54475,-0.9335001,-0.331,1.51975,-0.7647501
0.4685,0.34775,-0.816,-0.95275,1.604,-0.638
0.57225,0.468,-0.714,-1.38225,1.856,-0.491
0.36375,0.56825,-0.8980001,-1.47475,1.9255,-0.68325
0.356,0.63975,-0.78675,-1.55775,1.529,-2.04725
0.34675,0.72025,-0.57725,-1.55775,1.529,-2.04725
0.322,0.57475,-0.78225,-1.55775,1.529,-2.04725
0.5765,0.6350001,-0.6095001,-1.62425,1.1615,-2.8575
0.459,0.79825,-0.6267501,-1.95275,0.76875,-3.448
0.517,0.7460001,-0.6215,-2.48125,0.40125,-4.231
0.555,0.6345,-0.44125,-1.62925,-1.207,-5.2105
0.6850001,0.64275,-0.40575,-1.152,-1.88625,-4.6145
0.77075,0.64025,-0.4135,-0.78075,-2.48025,-3.49025
0.7820001,0.71325,-0.53125,0.1225,-1.90575,-0.7485
0.66475,0.64325,-0.57025,0.38975,-1.02875,-0.4665
0.571,0.6152501,-0.59175,0.471,-0.844,-0.4885
0.60525,0.72475,-0.70225,0.618,-0.8200001,-0.67075
0.8742501,0.6835001,-0.7302501,0.78725,-0.77575,-0.95175
1.05275,0.58275,-0.63225,1.04025,-0.8462501,-1.2945
0.8502501,0.51775,-0.472,1.447,-1.1655,-1.75425
0.8142501,0.469,-0.29825,1.321,-1.216,-1.5475
0.7435001,0.4635,-0.342,1.0415,-1.17175,-1.3345
0.814,0.41225,-0.226,0.80825,-1.109,-1.29425
0.61,0.4385,-0.44325,0.7130001,-0.60325,-1.59
0.655,0.3505,-0.4565,0.63425,-0.328,-1.58325
1.02625,0.30775,-0.161,0.61825,0.01325,-1.7185
0.8537501,0.308,-0.22525,0.6395,0.0615,-1.77675
0.82875,0.33625,-0.42525,0.696,0.1205,-1.923
0.88375,0.27775,-0.5085,0.6065,0.304,-1.90025
0.95425,0.2975,-0.60275,0.456,0.2995,-1.77725
1.098,0.2395,-0.5985,0.325,0.2895,-1.60575
0.8872501,0.40825,-0.82125,0.28425,0.36875,-1.441
1.182,0.1485,-0.585,0.25975,0.473,-1.36025
1.11375,0.02125,-0.48225,0.26,0.5665,-1.34825
0.7515,0.3805,-0.4295,0.22225,0.69375,-1.283
0.55,0.2565,-0.05675,0.22225,0.69375,-1.283
0.55,0.2565,-0.05675,0.22225,0.69375,-1.283
0.7442501,-0.04725,-0.21575,0.15175,0.76275,-1.09225
0.6,0.101,-0.40775,0.06325001,0.8405001,-0.8947501
0.6745,0.07125001,-0.3005,0.03075,0.8937501,-0.71675
0.9855,0.0535,-0.48,0.00425,0.95425,-0.561
1.08575,-0.118,-0.60975,0.0415,0.9902501,-0.57725
1.086,0.05575,-0.54325,0.06325001,1.04525,-0.43825
0.8537501,0.07025,-0.36725,0.39375,0.7072501,-0.201
0.862,0.1195,-0.357,0.54475,0.65325,-0.222
0.9342501,0.07575,-0.40175,0.694,0.65125,-0.268
1.20375,0.1025,-0.5930001,0.8365,0.6795,-0.19775
1.12675,0.08125,-0.6357501,0.8895,0.6160001,-0.2085
0.895,0.07125001,-0.5330001,0.8895,0.6160001,-0.2085
0.73825,0.20925,-0.404,1.06625,0.42675,-0.25425
0.7507501,0.23275,-0.37725,1.13,0.34375,-0.279
0.827,0.32475,-0.491,1.1515,0.32675,-0.308
1.052,0.2675,-0.67225,1.13225,0.337,-0.30075
0.9400001,0.24775,-0.614,1.06425,0.294,-0.24525
0.8537501,0.25975,-0.53975,1.05525,0.24775,-0.237
0.7935001,0.33575,-0.504,1.05375,0.226,-0.2565
0.80375,0.3575,-0.46925,0.98825,0.18975,-0.15525
0.7887501,0.33475,-0.474,0.9852501,0.1955,-0.13525
0.7305,0.317,-0.48375,1.0935,0.17025,-0.17125
0.711,0.2755,-0.51475,1.15875,0.15125,-0.1715
0.72175,0.356,-0.5735,1.24825,0.143,-0.11525
0.817,0.43675,-0.62575,1.498,0.089,-0.06625
1.02425,0.49325,-0.6585,1.6875,0.07250001,-0.134
0.8565,0.3945,-0.59375,1.9355,0.11,-0.12175
0.73075,0.4665,-0.5365,2.70975,0.134,0.01425
0.71,0.47425,-0.52,3.11925,0.09,-0.186
0.6810001,0.48375,-0.545,3.441,0.126,-0.661
0.6760001,0.50625,-0.6105,3.441,0.126,-0.661
0.70675,0.5015,-0.6957501,3.51,0.38275,-1.15775
0.73425,0.42325,-0.67675,3.424,0.776,-1.4075
0.758,0.36925,-0.64275,2.8025,1.106,-1.761
0.7532501,0.3995,-0.5845,2.13575,0.92225,-1.79975
0.7455,0.4225,-0.55775,1.36225,0.5470001,-1.89825
0.70625,0.502,-0.52875,-0.01125,-0.54975,-1.875
0.69175,0.52275,-0.529,-1.1065,-0.788,-0.9507501
0.69475,0.555,-0.54625,-1.37625,-0.5515,-0.457
0.68625,0.62125,-0.56725,-1.557,-0.16175,0.20125
0.64875,0.592,-0.5420001,-1.63,0.05625,0.45875
0.64875,0.56225,-0.538,-1.73,0.272,0.6705
0.671,0.5675001,-0.5795,-1.7425,0.43075,1.03425
0.66025,0.52925,-0.5732501,-1.68725,0.4205,1.05125
0.6375,0.52375,-0.59925,-1.576,0.391,1.027
0.5987501,0.5085,-0.5847501,-1.444,0.3695,0.8840001
0.66675,0.56925,-0.553,-1.08775,0.297,0.468
0.6752501,0.6025,-0.5575,-0.8915001,0.2465,0.26075
0.65425,0.6045001,-0.589,-0.4555,0.07875001,-0.1075
0.6395,0.55,-0.66925,-0.2375,0.03825,-0.2805
0.62025,0.499,-0.68325,-0.00775,0.067,-0.49675
0.63275,0.52825,-0.7065001,0.4115,0.18025,-0.794
0.6195,0.51625,-0.702,0.62325,0.15075,-0.7885
0.59725,0.488,-0.70875,0.83125,0.138,-0.8280001
0.5757501,0.432,-0.76425,1.067,0.276,-0.9255
0.5825,0.31975,-0.7675,1.0965,0.34125,-1.02475
0.60475,0.28025,-0.8182501,1.216,0.2985,-0.93475
0.604,0.3445,-0.8042501,1.37425,0.071,-0.743
0.60825,0.377,-0.77125,1.20125,0.03375,-0.75225
0.60475,0.39,-0.754,1.23,0.01325,-1.0175
0.599,0.4105,-0.74975,1.57025,-0.02575,-1.23875
0.598,0.41375,-0.75475,1.57025,-0.02575,-1.23875
0.60325,0.411,-0.7582501,1.57025,-0.02575,-1.23875
0.603,0.40275,-0.75525,1.689,-0.318,-1.101
0.59725,0.41375,-0.75275,1.614,-0.401,-1.1765
0.5925,0.3985,-0.75125,1.54475,-0.3725,-1.29725
0.59225,0.39475,-0.76675,1.65175,-0.5285,-1.0215
0.548,0.3525,-0.8095,1.653,-0.531,-0.822
0.5295,0.3565,-0.84075,1.678,-0.479,-0.7730001
0.5255,0.36025,-0.84725,1.63875,-0.11125,-0.70025
0.54975,0.35075,-0.8315001,1.282,0.1725,-0.52075
0.56825,0.3465,-0.8132501,1.23975,0.06,-0.48925
0.58625,0.3645,-0.78525,1.2245,-0.11925,-0.52975
0.6075,0.3805,-0.75725,1.14375,-0.26175,-0.62025
0.61575,0.3775,-0.7595,1.0915,-0.187,-0.59425
0.6152501,0.3945,-0.74625,0.95525,-0.0495,-0.47875
0.6065,0.3915,-0.74975,0.872,-0.00725,-0.40625
0.59425,0.38375,-0.763,0.802,0.01075,-0.363
0.58175,0.36975,-0.78225,0.68225,0.016,-0.347
0.5782501,0.378,-0.78175,0.63425,0.00575,-0.33725
0.58225,0.38975,-0.777,0.578,-0.00825,-0.33525
0.59,0.38575,-0.775,0.508,-0.06325001,-0.3245
0.59075,0.368,-0.7830001,0.5105,-0.09,-0.29825
0.6020001,0.33175,-0.78325,0.5305001,-0.10075,-0.30075
0.62075,0.368,-0.7585,0.597,-0.0555,-0.36475
0.61825,0.368,-0.74525,0.6472501,-0.02775,-0.37675
0.60625,0.35225,-0.7605,0.7485,-0.02,-0.39425
0.57275,0.34025,-0.7925,0.88425,-0.027,-0.4045
0.56075,0.32775,-0.8345,1.0795,-0.1595,-0.40475
0.5642501,0.31025,-0.8372501,1.1375,-0.22675,-0.45275
0.56825,0.303,-0.83175,1.238,-0.18925,-0.63725
0.5455,0.3225,-0.83325,1.20625,-0.113,-0.67425
0.55425,0.33725,-0.82625,1.151,-0.04875,-0.61775
0.58,0.33575,-0.81625,1.0055,0.14025,-0.58025
0.63875,0.31875,-0.7780001,0.92725,0.29025,-0.6390001
0.6535,0.32225,-0.75775,0.88625,0.45775,-0.64425
0.62375,0.3325,-0.747,0.7535,0.9760001,-0.4295
0.62325,0.3505,-0.76675,0.688,1.2405,-0.448
0.613,0.35975,-0.775,0.6435,1.50575,-0.496
0.624,0.3985,-0.7640001,0.25675,2.58325,-0.94175
0.6315,0.402,-0.7385001,-0.1265,3.7905,-0.9450001
0.6332501,0.4175,-0.7045,-0.4205,4.71225,-0.7675
0.6357501,0.41975,-0.6725,-0.87375,4.67625,-0.7812501
0.6407501,0.4345,-0.69175,-1.402,3.1635,-1.71225
0.6350001,0.41625,-0.7377501,-0.9547501,2.3785,-2.48825
0.62825,0.38775,-0.7877501,0.529,-0.31075,-4.2005
0.58325,0.32525,-0.77825,0.9295,-1.3645,-4.43825
0.57975,0.351,-0.7495,1.74875,-1.8505,-4.55875
0.5987501,0.4,-0.748,3.16,-2.63,-3.854
0.6242501,0.404,-0.767,2.77925,-2.971,-2.859
0.623,0.39775,-0.78975,2.117,-2.87425,-1.77075
0.5905001,0.30375,-0.8100001,1.178,-1.43975,-0.2255
0.57725,0.2635,-0.8290001,0.90825,-0.9945,0.08750001
0.58375,0.241,-0.8347501,0.766,-0.8430001,0.27025
0.59375,0.24875,-0.7835,0.703,-0.76775,0.37625
0.597,0.28125,-0.786,0.712,-0.66725,0.3425
0.62075,0.2985,-0.8027501,0.79875,-0.549,0.23025
0.627,0.3425,-0.8055,0.79875,-0.549,0.23025
0.63025,0.423,-0.7045,0.79875,-0.549,0.23025
0.624,0.462,-0.6405,0.946,-0.406,0.13675
0.61,0.521,-0.60225,1.07975,-0.05125,-0.02775
0.551,0.6365,-0.57225,1.07,0.01025,-0.08000001
0.5285,0.724,-0.5757501,1.07725,0.02625,-0.156
0.53175,0.77325,-0.5465,1.20925,0.145,-0.35825
0.53425,0.789,-0.4635,1.22425,0.26425,-0.4425
0.55675,0.7725,-0.46025,1.15375,0.3085,-0.54875
0.537,0.8190001,-0.3765,1.13275,0.6127501,-0.6005
0.5495,0.85825,-0.314,1.0435,0.69525,-0.58325
0.5617501,0.9037501,-0.30025,0.951,0.65275,-0.53825
0.5325,0.85425,-0.319,0.86,0.6275001,-0.47475
0.50775,0.84475,-0.308,0.79625,0.5745,-0.4225
0.516,0.9110001,-0.26325,0.76875,0.5617501,-0.43975
0.46975,0.93025,-0.1205,0.8265001,0.536,-0.53
0.44125,0.92125,-0.1075,0.8290001,0.57375,-0.54975
0.40875,0.90825,-0.1535,0.79975,0.57925,-0.49225
0.434,0.8935,-0.18875,0.7277501,0.5625,-0.427
0.45725,0.8565,-0.2745,0.56725,0.4645,-0.24025
0.4515,0.84525,-0.378,0.543,0.438,-0.15225
0.6095001,0.81625,-0.415,0.62875,0.3935,-0.414
0.6075,0.85325,-0.5075001,0.761,0.4095,-0.7032501
0.5872501,0.75125,-0.5235,0.803,0.4305,-0.77125
0.6,0.69275,-0.512,0.81275,0.434,-0.66575
0.53575,0.626,-0.5355,0.8107501,0.3835,-0.576
0.54025,0.60025,-0.6045001,0.7325,0.2865,-0.5045
0.61375,0.4365,-0.67375,0.62475,0.1215,-0.53325
0.6285,0.3765,-0.703,0.603,0.06325001,-0.64275
0.613,0.3705,-0.7105001,0.62975,0.05475,-0.72175
0.595,0.384,-0.7065001,0.475,0.0795,-0.52975
0.59075,0.44475,-0.73075,0.448,0.03,-0.529
0.58175,0.4535,-0.7460001,2.7465,-0.878,-1.29275
0.57175,0.42425,-0.7212501,0.422,0.02075,-1.807
0.5725001,0.38325,-0.733,0.86825,0.21,-1.2335
0.5617501,0.39425,-0.7815,0.7262501,0.19125,-0.92225
0.58925,0.4545,-0.8125001,0.7262501,0.19125,-0.92225
0.58525,0.467,-0.8225001,0.569,0.0635,-0.64125
0.5555,0.4455,-0.8232501,0.5515,-0.1435,-0.55575
0.53375,0.368,-0.825,0.59325,-0.23575,-0.6070001
0.5272501,0.348,-0.81025,0.744,-0.21675,-0.73325
0.5265,0.3615,-0.816,0.7555,-0.203,-0.7295001
0.511,0.35225,-0.8185,0.7500001,-0.22125,-0.6892501
0.5345,0.2845,-0.7805001,0.725,-0.2505,-0.6390001
0.5265,0.2985,-0.83575,0.72825,-0.2265,-0.6275001
0.55775,0.30075,-0.8732501,0.7325,-0.19,-0.61125
0.528,0.32,-0.899,0.72975,-0.17575,-0.63925
0.51675,0.41025,-0.94125,0.74225,-0.15525,-0.67975
0.527,0.29375,-0.79725,0.7410001,-0.12375,-0.7155001
0.54975,0.24225,-0.84275,0.733,-0.09100001,-0.693
0.5445001,0.34875,-0.9162501,0.7305,-0.08475,-0.6842501
0.5445001,0.35125,-0.882,0.754,-0.09725001,-0.72075
0.503,0.42725,-0.8700001,0.7640001,-0.10875,-0.72025
0.555,0.32275,-0.933,0.75675,-0.09325001,-0.67375
0.535,0.27525,-0.9535,0.7485,-0.07250001,-0.62775
0.6620001,0.1945,-0.8512501,0.7585,-0.07225,-0.612
0.6155,0.16725,-0.7645,0.7725,-0.08375,-0.63375
0.8857501,0.10575,-0.37925,0.78825,-0.09275001,-0.678
0.5205,-0.0515,-0.656,0.7885,-0.085,-0.68725
0.83025,-0.21075,-0.73,0.7887501,-0.057,-0.71025
0.83275,-0.08475,-0.86125,0.775,-0.043,-0.61475
0.86775,-0.06500001,-0.8930001,0.761,-0.02275,-0.5595
0.7870001,-0.005,-0.80875,0.77675,-0.03125,-0.5470001
0.6677501,0.07775,-0.60525,0.7925,-0.0605,-0.57125
0.62925,0.07700001,-0.50525,0.8235,-0.0425,-0.6065
0.6835001,0.021,-0.54825,0.839,-0.0285,-0.6037501
0.8185,-0.041,-0.76375,0.81925,-0.011,-0.581
0.8570001,-0.05725,-0.8247501,0.822,-0.01575,-0.568
0.8525,-0.0705,-0.79975,0.8155,-0.00675,-0.5595
0.77275,-0.00975,-0.6407501,0.8275,0.00875,-0.56825
0.75925,-0.025,-0.61775,0.83075,0.014,-0.5745
0.7600001,-0.0465,-0.6102501,0.8375,0.00575,-0.5945
0.78425,-0.03325,-0.64825,0.84325,0.00775,-0.57675
0.82375,-0.081,-0.69725,0.8362501,-0.008,-0.5755
0.8635001,-0.1585,-0.7517501,0.8355001,-0.012,-0.57775
0.85225,-0.2785,-0.6315,0.83275,0.006,-0.57125
0.974,-0.26725,-0.50625,0.82375,0.02375,-0.55425
1.3615,-0.228,-0.5895,0.82775,0.021,-0.5655
1.3615,-0.228,-0.5895,0.8585001,-0.0075,-0.5782501
5.036,0.3965,-5.357,0.8895,-0.009000001,-0.6225
5.096,0.29725,-6.472,0.95775,0.0505,-0.6892501
2.58625,0.5025,-4.67825,1.37675,0.4515,-0.63125
1.38675,0.854,-3.63225,1.7915,0.38225,-0.4775
0.36275,1.166,-2.8845,2.79425,-0.14825,-0.79675
-1.12825,1.62225,-2.15575,5.17075,0.41925,-3.2225
-1.19775,2.1305,-2.36325,5.6905,0.99375,-4.007
-1.39675,2.09225,-2.317,4.91075,1.31375,-3.53375
-2.08925,1.09425,-1.3535,2.80175,0.50475,-2.312
-2.74,0.6645001,-0.72825,1.95875,-0.0825,-2.25275
-3.0545,0.518,0.0315,0.99375,-0.5945,-2.10925
-2.52425,0.7772501,1.0095,-0.6677501,-1.071,-1.813
-2.2635,0.6035,1.003,-0.9382501,-1.10175,-1.75625
-2.26325,0.24675,0.9975001,-1.12375,-0.94175,-1.68725
-2.097,-0.494,1.10125,-2.093,-0.70675,-1.21325
-1.86125,-0.54425,1.04625,-2.0695,-1.058,-0.717
-1.63025,-0.50525,1.00675,-1.976,-1.21525,-0.25
-1.1275,-0.39375,0.9192501,-1.9555,-1.01775,0.4005
-1.1175,-0.451,0.66725,-1.9555,-1.01775,0.4005
-0.91875,-0.50225,0.563,-1.9555,-1.01775,0.4005
-0.6907501,-0.4455,0.2815,-1.9555,-1.01775,0.4005
-0.189,0.06,-0.0255,-1.96375,-0.78825,0.5105
0.00275,0.36275,-0.27325,-1.83875,-0.58325,0.44425
0.63375,0.9242501,-1.0985,-1.516,-0.25775,0.44975
0.9012501,1.1125,-1.47875,-1.34775,-0.12975,0.5555
1.14125,1.01,-1.84375,-1.22075,-0.02075,0.65775
1.4005,0.6805,-1.82475,-1.05525,0.17925,0.73475
1.4065,0.43925,-1.51625,0.26625,0.5695,-0.2405
1.32,0.195,-1.2825,0.506,0.54575,-0.26725
1.08175,-0.28475,-0.7507501,0.9507501,0.1565,-0.6102501
1.14075,-0.2895,-0.82025,1.22625,0.08525001,-0.88925
1.16875,-0.2435,-1.04425,1.397,0.1515,-1.09175
1.02475,-0.277,-1.07325,1.591,0.435,-0.92875
1.184,-0.12625,-1.1095,1.532,0.54,-0.7395
1.336,0.12375,-1.24725,1.45075,0.34275,-0.6785001
0.9795001,0.2085,-1.31875,0.96675,-0.01,-0.51975
0.947,0.21775,-1.2905,1.388,-0.0315,-0.48625
1.1295,0.17925,-1.3775,1.34125,0.05975,-0.714
1.199,0.09725001,-1.412,1.612,0.1975,-0.86975
0.9895,-0.31775,-1.24525,1.25475,0.3665,-1.1565
0.72525,-0.4455,-1.165,1.1755,0.17025,-1.305
0.8365,-0.14025,-1.104,1.099,-0.52225,-1.184
0.90475,-0.1675,-1.119,1.00525,-0.50375,-1.26
0.65675,-0.343,-0.9480001,0.9957501,-0.41325,-1.29925
0.39825,0.03075,-1.28475,1.0635,0.0425,-1.36875
0.618,0.17075,-1.43475,0.94625,0.2075,-1.30875
0.535,0.00775,-1.01875,0.7657501,0.2105,-1.2485
0.36075,-0.02075,-0.9885001,0.59675,-0.0425,-1.20275
0.41075,-0.17425,-0.946,0.465,-0.1525,-1.2585
0.41975,-0.205,-0.8537501,0.5157501,-0.06550001,-1.165
0.52625,-0.17275,-0.8875,0.5157501,-0.06550001,-1.165
0.223,0.06725001,-1.40225,0.489,0.08800001,-0.961
0.3045,-0.205,-0.9357501,0.422,0.243,-0.9415001
0.44025,-0.43725,-0.8665,0.2845,0.44225,-0.929
0.20525,-0.58625,-0.60925,0.3175,0.5085,-0.929
0.428,-0.421,-1.06175,0.3515,0.46,-0.9
0.47525,-0.64925,-1.54125,0.32225,0.4465,-0.7615001
0.50625,-0.4895,-1.3705,0.32375,0.42225,-0.6675
0.427,-0.356,-1.03175,0.259,0.52925,-0.7032501
0.395,-0.38425,-0.6677501,0.1585,0.6152501,-0.6127501
0.331,-0.3235,-0.46425,0.082,0.43525,-0.6615
0.2535,-0.1995,-0.68325,-0.0055,0.32025,-0.678
0.15525,-0.21325,-0.9260001,0.28425,0.62775,-1.1305
0.47725,-0.13325,-1.45475,0.23075,0.62475,-0.84075
0.25675,-0.247,-1.53775,0.028,0.6485,-0.91825
0.27725,-0.4705,-1.18325,0.223,0.66075,-0.7335001
0.20875,-0.24225,-0.65075,0.19225,0.60025,-0.5735
0.21625,-0.231,-0.60075,0.13125,0.4915,-0.6932501
0.00075,-0.4105,-0.7835,0.17225,0.8847501,-1.07925
0.123,-0.49575,-1.0035,0.015,0.8585001,-0.82025
0.201,-0.23275,-1.45075,0.20025,0.513,-0.887
0.0865,-0.40975,-0.9902501,0.08875,0.2445,-0.1785
0.05325,-0.3185,-0.8595001,0.14625,0.35,0.0745
0.03625,-0.131,-0.6065,0.60625,0.4375,-2.6065
0.16625,-0.07875001,-0.8305001,0.38525,-0.0465,-1.1435
-0.19625,-1.17425,-1.772,-0.2745,0.7220001,-0.55375
0.286,-0.10725,-0.55625,-0.08375,0.7072501,-0.195
0.09100001,-0.5135,-1.0435,-0.01675,0.525,-0.7325
0.0245,-0.30375,-0.93125,-0.02125,0.317,-1.4045
-0.02525,-0.31175,-0.96275,0.14425,0.17025,-1.19025
-0.02225,-0.36975,-1.02325,0.03525,0.222,-0.98125
0.03825,-0.24325,-0.924,0.01625,0.28475,-1.06525
0.0665,0.16375,-1.48325,0.036,0.378,-0.6595
0.1295,0.0045,-1.08025,0.01775,0.33025,-0.45825
0.08075,-0.1385,-1.05325,0.06625,0.13275,-0.38925
0.052,-0.10175,-1.03425,0.132,-0.20625,-1.44175
0.06775001,-0.154,-1.019,0.06550001,-0.39675,-1.19825
0.08225001,-0.23,-0.9802501,0.063,-0.44925,-1.29325
0.07925,-0.15575,-1.121,0.1115,-0.3535,-1.0725
0.0635,-0.10575,-1.03325,0.06775001,0.255,-0.71175
0.07675,-0.0825,-1.0775,0.122,-0.08075,-1.1925
0.06375001,-0.14925,-1.00075,0.09325001,-0.211,-1.1485
0.06475,-0.12475,-1.0255,0.1055,-0.015,-1.0325
0.03425,-0.112,-1.04475,0.04025,0.23275,-0.715
0.0705,-0.1185,-1.02525,0.09575,0.0675,-0.95825
0.10875,-0.11375,-1.03825,0.09575,-0.128,-1.09275
0.066,-0.136,-1.01075,0.09825,-0.08275001,-1.06325
0.1285,-0.082,-1.0395,0.09450001,0.022,-0.9867501
0.229,-0.0135,-1.037,0.09,0.025,-0.9850001
-0.09225,-0.2255,-0.96075,0.09525,-0.0565,-1.05
0.0015,-0.02975,-0.992,0.09575,-0.07175,-1.05725
0.02,0.317,-1.11475,0.08750001,0.037,-0.9625
0.3885,-0.372,-0.77325,0.08525001,0.0445,-0.956
0.1265,-0.40725,-1.4615,0.09325001,-0.013,-1.0135
0.08425,0.1395,-1.9225,0.09375001,-0.03975,-1.03325
0.1395,0.185,-1.08175,0.08825,0.0115,-0.9907501
0.079,-0.18425,-0.8132501,0.08925001,0.01975,-0.9817501
0.09550001,0.06575,-1.08775,0.09225,-0.0215,-1.016
0.09825,0.1375,-1.1165,0.09075,-0.00925,-1.00875
0.09925,0.1265,-1.10875,0.08725,0.00375,-0.978
0.07325,-0.1175,-0.93025,0.09325001,-0.009000001,-1.0025
0.081,-0.09950001,-0.9497501,0.09025001,-0.009000001,-1.01375
0.097,0.03875,-1.05875,0.08925001,-0.003,-0.9957501
0.09525,0.12675,-1.10925,0.0935,-0.007,-1.009
0.09450001,0.05525,-1.07025,0.09275001,-0.00475,-1.007
0.08375,-0.07250001,-0.97575,0.08825,-0.001,-0.9992501
0.09175,0.0135,-1.03875,0.09275001,-0.0085,-1.006
0.09575,0.0975,-1.0935,0.09375001,-0.007,-1.00675
0.098,0.12725,-1.10725,0.09150001,-0.00275,-1.00225
0.09950001,0.063,-1.0735,0.08975001,-0.00225,-1.00225
0.07275,-0.10075,-0.93775,0.09625001,-0.006,-1.0175
0.08875,-0.018,-1.0145,0.0925,-0.00525,-1.01425
0.097,0.121,-1.10525,0.08875,-0.005,-1.0015
0.09225,0.083,-1.08425,0.09100001,-0.005,-1.007
0.08925001,0.019,-1.04525,0.09225,-0.005,-1.006
0.0785,-0.09450001,-0.9482501,0.09275001,-0.0055,-1.007
0.09675001,0.04275,-1.05675,0.093,-0.00325,-1.0065
0.09225,0.104,-1.0965,0.093,-0.00325,-1.0065
0.098,0.041,-1.06075,0.09025001,-0.006,-1.007
0.0895,-0.066,-0.9762501,0.085,-0.00375,-1.005
0.0785,-0.07575,-0.9635,0.08625001,-0.005,-1.00575
0.0865,0.024,-1.04575,0.09550001,-0.00775,-1.00975
0.09875,0.10175,-1.09675,0.09275001,0.002,-1.00225
0.09625001,0.05625,-1.0685,0.08775,-0.0035,-1.00175
0.07475001,-0.08525001,-0.9537501,0.096,-0.00275,-1.00075
0.09025001,-0.001,-1.027,0.09425,-0.002,-1.0025
0.09725001,0.0575,-1.067,0.0865,-0.00475,-1.005
0.09325001,0.06775001,-1.0715,0.09275001,-0.007,-1.0065
0.0895,0.0275,-1.04675,0.0935,-0.006,-1.005
0.083,-0.0605,-0.98,0.09,-0.005,-1.00325
0.0935,0.0275,-1.04825,0.09150001,-0.00475,-1.005
0.09325001,0.0625,-1.068,0.09150001,-0.00475,-1.005
0.0935,0.07700001,-1.07775,0.09275001,-0.006,-1.00525
0.09225,0.01625,-1.04175,0.09200001,-0.00425,-1.00275
0.08125,-0.068,-0.9737501,0.0905,-0.00175,-1.0025
0.087,-0.025,-1.0085,0.0895,-0.005,-1.003
0.093,0.03675,-1.0545,0.09150001,-0.00875,-1.00575
0.09625001,0.07525001,-1.07375,0.0905,-0.001,-1.00225
0.09575,0.05525,-1.066,0.09200001,-0.005,-1.0075
0.09,0.01175,-1.03725,0.09025001,-0.00775,-1.00625
0.09175,-0.01725,-1.01475,0.09025001,-0.00475,-1.004
0.09450001,0.04025,-1.05425,0.09025001,-0.005,-1.007
0.09325001,0.06875,-1.07275,0.09150001,-0.00025,-1.004
0.094,0.0475,-1.063,0.09,-0.00275,-1.002
0.09125,0.00025,-1.02975,0.09,-0.00875,-1.005
0.0895,-0.00525,-1.023,0.0925,-0.00325,-1.00325
0.0895,-0.00525,-1.023,0.0925,-0.00325,-1.00325
0.093,0.0445,-1.0585,0.0925,-0.00325,-1.00325
0.09450001,0.0625,-1.069,0.09125,-0.00125,-1.00175
0.0925,0.043,-1.058,0.09,-0.0045,-1.00525
0.08975001,-0.00275,-1.0265,0.09100001,-0.00575,-1.00675
0.08875,-0.001,-1.0275,0.09025001,-0.00525,-1.0035
0.094,0.0595,-1.06825,0.09175,-0.00525,-1.007
0.09550001,0.05975,-1.06625,0.09175,-0.00525,-1.004
0.09275001,0.0395,-1.0565,0.08975001,-0.00475,-1.00525
0.08375,-0.0485,-0.98625,0.09100001,-0.00575,-1.0055
0.09100001,-0.00125,-1.02625,0.09200001,-0.005,-1.0055
0.093,0.05825,-1.0665,0.09125,-0.00475,-1.00425
0.09225,0.058,-1.06725,0.09125,-0.00475,-1.00425
0.094,0.0375,-1.05625,0.09025001,-0.00475,-1.00525
0.08425,-0.04725,-0.9875001,0.09025001,-0.00475,-1.006
0.08875,0.00175,-1.027,0.09100001,-0.0055,-1.00675
0.09100001,0.0415,-1.057,0.09200001,-0.00475,-1.0045
0.09575,0.05625,-1.066,0.0895,-0.00275,-1.00275
0.09175,0.03,-1.05,0.08925001,-0.005,-1.003
0.08675,-0.00675,-1.022,0.0895,-0.006,-1.0035
0.08450001,-0.03875,-0.99475,0.09150001,-0.00475,-1.00425
0.094,0.04075,-1.059,0.0905,-0.005,-1.0065
0.094,0.05275,-1.06625,0.09100001,-0.00475,-1.005
0.09225,0.0485,-1.062,0.0905,-0.00475,-1.00525
0.08775,-0.0195,-1.01125,0.09100001,-0.00425,-1.00325
0.08675,-0.018,-1.01125,0.09025001,-0.00475,-1.0045
0.0905,0.018,-1.03775,0.09075,-0.00475,-1.0055
0.09550001,0.05475,-1.0665,0.0895,-0.005,-1.006
0.09275001,0.04225,-1.06,0.09150001,-0.00525,-1.00375
0.09,0.0125,-1.03725,0.09125,-0.00675,-1.00325
0.0885,-0.00325,-1.02375,0.0905,-0.005,-1.00425
0.09325001,0.02375,-1.0455,0.0895,-0.00325,-1.00425
0.09175,0.052,-1.06325,0.09200001,-0.00575,-1.00575
0.09225,0.0295,-1.0495,0.09025001,-0.00775,-1.00525
0.09025001,0.008,-1.033,0.09,-0.00475,-1.00625
0.08575001,-0.0275,-1.005,0.09100001,-0.00325,-1.00425
0.0905,0.02575,-1.0455,0.09125,-0.005,-1.007
0.093,0.04725,-1.0625,0.09,-0.00575,-1.00625
0.09075,0.02525,-1.0455,0.09075,-0.005,-1.005
0.08750001,0.00525,-1.03,0.09075,-0.00475,-1.005
0.087,-0.01825,-1.01325,0.09100001,-0.00525,-1.0045
0.09325001,0.02025,-1.04375,0.09025001,-0.00375,-1.00375
0.0925,0.043,-1.05875,0.0925,-0.00475,-1.00425
0.09225,0.0445,-1.0595,0.09025001,-0.00525,-1.006
0.09125,0.024,-1.04475,0.09025001,-0.004,-1.00275
0.08875,-0.00625,-1.02125,0.09100001,-0.0045,-1.00475
0.08825,0.00325,-1.02875,0.09200001,-0.005,-1.006
0.09275001,0.0355,-1.053,0.09,-0.005,-1.00475
0.09575,0.0445,-1.05875,0.0895,-0.005,-1.00625
0.093,0.0285,-1.0475,0.0905,-0.00525,-1.00525
0.08925001,0.00575,-1.031,0.09075,-0.00425,-1.00525
0.0905,0.003,-1.02875,0.09,-0.00375,-1.00475
0.09275001,0.008,-1.03325,0.0885,-0.0045,-1.00525
0.09275001,0.03775,-1.055,0.09100001,-0.00475,-1.006
0.09475,0.039,-1.057,0.09075,-0.0045,-1.0045
0.09075,0.02125,-1.04325,0.0905,-0.0045,-1.00375
0.0885,0.00525,-1.03,0.08925001,-0.00525,-1.006
0.08800001,0.007,-1.03075,0.09150001,-0.00375,-1.0035
0.09,0.0135,-1.0375,0.09225,-0.00375,-1.00375
0.09225,0.03825,-1.05525,0.089,-0.00575,-1.00625
0.09100001,0.02725,-1.0465,0.08975001,-0.00575,-1.00575
0.08975001,0.0135,-1.037,0.08975001,-0.0045,-1.00475
0.0885,0.00825,-1.03125,0.08975001,-0.0045,-1.00475
0.09150001,0.01175,-1.0345,0.08975001,-0.0045,-1.00475
0.09225,0.02275,-1.0435,0.0905,-0.002,-1.00225
0.09150001,0.0345,-1.05325,0.0905,-0.0045,-1.00525
0.0885,0.017,-1.0405,0.09100001,-0.00525,-1.005
0.0905,0.0105,-1.0325,0.09075,-0.0045,-1.00425
0.09,0.009500001,-1.031,0.09025001,-0.00475,-1.00525
0.089,0.022,-1.0425,0.0895,-0.00525,-1.005
0.0925,0.031,-1.0505,0.09175,-0.00475,-1.005
0.09125,0.01825,-1.038,0.09,-0.00425,-1.00375
0.09,0.0125,-1.036,0.09200001,-0.0045,-1.00475
0.0895,0.01175,-1.03375,0.09100001,-0.00475,-1.00475
0.09450001,0.021,-1.04225,0.08875,-0.005,-1.0065
0.09200001,0.02625,-1.04525,0.089,-0.005,-1.006
0.0895,0.0245,-1.04525,0.09125,-0.005,-1.0055
0.08800001,0.01375,-1.03775,0.08975001,-0.00475,-1.0045
0.09225,0.01175,-1.03425,0.08975001,-0.00475,-1.0045
0.09,0.01675,-1.0375,0.09025001,-0.00375,-1.0035
0.09150001,0.021,-1.043,0.09125,-0.00475,-1.00525
0.09150001,0.02275,-1.04475,0.0925,-0.00525,-1.00525
0.08975001,0.01775,-1.038,0.08925001,-0.005,-1.00625
0.08775,0.015,-1.0385,0.089,-0.00475,-1.00475
0.09075,0.02,-1.0405,0.0905,-0.0045,-1.0055
0.09375001,0.02125,-1.04375,0.09225,-0.00475,-1.005
0.0905,0.0185,-1.041,0.08925001,-0.00525,-1.00525
0.08800001,0.01625,-1.0395,0.09150001,-0.005,-1.0045
0.09,0.0165,-1.038,0.09175,-0.00475,-1.00425
0.09025001,0.01975,-1.03975,0.0905,-0.00475,-1.00325
0.09100001,0.0215,-1.04325,0.09025001,-0.0045,-1.00525
0.09175,0.021,-1.0425,0.09025001,-0.005,-1.0055
0.09025001,0.017,-1.0395,0.09225,-0.005,-1.00475
0.08750001,0.017,-1.0385,0.09225,-0.005,-1.00475
0.08925001,0.02075,-1.04,0.09075,-0.00425,-1.00375
0.09325001,0.01925,-1.04125,0.09,-0.00475,-1.0045
0.09150001,0.01775,-1.03875,0.09025001,-0.0045,-1.00475
0.09,0.01675,-1.03925,0.09100001,-0.00425,-1.00475
0.089,0.02025,-1.04125,0.089,-0.005,-1.00525
0.09175,0.02,-1.04225,0.09025001,-0.005,-1.00575
0.09175,0.018,-1.0395,0.08925001,-0.005,-1.0055
0.09,0.018,-1.03725,0.09200001,-0.005,-1.00575
0.09125,0.0205,-1.0415,0.09225,-0.00475,-1.00425
0.09125,0.02175,-1.04375,0.09075,-0.0045,-1.0035
0.0895,0.018,-1.038,0.08975001,-0.006,-1.00575
0.089,0.0155,-1.039,0.09100001,-0.005,-1.00575
0.09,0.01825,-1.0405,0.09175,-0.0045,-1.00475
0.09500001,0.02025,-1.042,0.08925001,-0.005,-1.00475
0.09100001,0.0195,-1.0395,0.089,-0.00525,-1.00575
0.08825,0.018,-1.038,0.09150001,-0.005,-1.00575
0.09100001,0.019,-1.04075,0.0895,-0.00475,-1.00475
0.0935,0.018,-1.0405,0.09,-0.00475,-1.00475
0.09150001,0.01875,-1.04125,0.09100001,-0.005,-1.00525
0.08775,0.01775,-1.03825,0.09100001,-0.00475,-1.00425
0.09075,0.019,-1.04025,0.08825,-0.0045,-1.005
0.09025001,0.01975,-1.03925,0.08925001,-0.00425,-1.0035
0.09075,0.0205,-1.0415,0.09075,-0.005,-1.005
0.09150001,0.01825,-1.0415,0.09175,-0.005,-1.0055
0.09375001,0.0155,-1.04175,0.09025001,-0.005,-1.005
0.08725,0.0165,-1.03875,0.089,-0.005,-1.0055
0.08750001,0.02025,-1.04,0.09100001,-0.00425,-1.00425
0.09175,0.0225,-1.04325,0.0905,-0.00375,-1.00325
0.09150001,0.01625,-1.04,0.09125,-0.006,-1.00675
0.08750001,0.013,-1.03875,0.09325001,-0.005,-1.005
0.08825,0.01525,-1.0385,0.09275001,-0.0055,-1.0035
0.09275001,0.023,-1.0445,0.08800001,-0.0045,-1.005
0.0905,0.0235,-1.045,0.09125,-0.0035,-1.003
0.08925001,0.01775,-1.0405,0.09200001,-0.00575,-1.00575
0.08825,0.01375,-1.0385,0.09075,-0.0055,-1.00625
0.09175,0.0165,-1.03925,0.08975001,-0.0045,-1.00375
0.09125,0.02125,-1.042,0.09125,-0.004,-1.0035
0.09,0.02325,-1.045,0.0895,-0.00475,-1.00525
0.09375001,0.015,-1.04225,0.08800001,-0.0055,-1.0055
0.09125,0.0135,-1.0375,0.089,-0.006,-1.00625
0.0895,0.01375,-1.037,0.09175,-0.00525,-1.0055
0.09150001,0.026,-1.0445,0.09100001,-0.0035,-1.0035
0.09100001,0.027,-1.04525,0.08775,-0.0045,-1.00525
0.08825,0.0145,-1.03875,0.09175,-0.006,-1.006
0.08825,0.01325,-1.037,0.09200001,-0.0055,-1.00625
0.09100001,0.015,-1.04,0.0895,-0.00425,-1.003
0.09325001,0.02475,-1.04425,0.08925001,-0.005,-1.00475
0.0905,0.0235,-1.0445,0.0905,-0.00475,-1.004
0.08875,0.019,-1.03925,0.09125,-0.00475,-1.00525
0.08825,0.014,-1.03875,0.09,-0.00525,-1.0055
0.09025001,0.01825,-1.03825,0.0895,-0.005,-1.00675
0.09150001,0.02125,-1.04225,0.09150001,-0.0045,-1.0045
0.09100001,0.025,-1.0435,0.09200001,-0.0035,-1.00225
0.09075,0.017,-1.03875,0.08825,-0.005,-1.006
0.09075,0.015,-1.03925,0.08925001,-0.005,-1.00525
0.0885,0.01975,-1.03975,0.09200001,-0.00525,-1.00525
0.09175,0.02175,-1.04425,0.0905,-0.0045,-1.00375
0.09450001,0.02175,-1.04325,0.08925001,-0.0045,-1.00475
0.08800001,0.016,-1.03875,0.09150001,-0.005,-1.005
0.08725,0.01675,-1.0385,0.09175,-0.005,-1.0055
0.08975001,0.02,-1.0395,0.08925001,-0.00475,-1.00525
0.0925,0.02075,-1.042,0.09100001,-0.00475,-1.00725
0.08925001,0.01825,-1.039,0.093,-0.00475,-1.0055
0.08825,0.0165,-1.03925,0.09200001,-0.00575,-1.0055
0.09025001,0.0195,-1.0395,0.08800001,-0.00475,-1.005
0.09075,0.0205,-1.0405,0.0905,-0.00475,-1.005
0.089,0.021,-1.04175,0.09175,-0.005,-1.00575
0.09150001,0.01775,-1.0395,0.0885,-0.005,-1.0055
0.09125,0.0165,-1.039,0.0895,-0.00475,-1.00525
*****
414, 4
613, 4
715, 7
816, 0
917, 3
1017, 0
1042, 3
1117, 5
1217, 0
1240, 1
1278, 3
1344, 2
1390, 2
1417, 3
1518, 4
1620, 0
1641, 1
1742, 0
1819, 1
1843, 7
